5754
5755
5758
5760
5763
5780
5783
5794
5800
5803
5807
5808
5811
5812
5813
5820
5826
5833
5835
5868
5869
5870
5871
5874
5875
5876
5890
5895
5896
5897
5908
5909
5911
5924
5933
5934
5935
5937
5938
5970
5973
6005
6039
6040
6110
6112
6126
6129
6131
6133
6137
6138
6143
6145
6150
6155
6157
6160
6166
6168
6170
6173
6174
6176
6178
6180
6182
6184
6186
6187
6189
6191
6192
6196
6198
6199
6203
6207
6208
6209
6210
6212
6215
6221
6223
6227
6236
6244
6246
6251
6252
6253
6263
6266
6269
6271
6281
6282
6283
6287
6288
6289
6296
6300
6302
6304
6307
6311
6312
6319
6321
6323
6330
6333
6339
6346
6348
6354
6355
6358
6359
6361
6363
6364
6367
6378
6385
6390
6394
6404
6414
6443
6447
6448
6452
6465
6468
6471
6473
6474
6476
6479
6481
6485
6490
6494
6497
6499
6501
6502
6503
6505
6508
6510
6514
6515
6517
6518
6521
6533
6534
6536
6537
6540
6542
6546
6548
6551
6554
6555
6556
6562
6563
6565
6566
6568
6572
6575
6576
6580
6581
6584
6586
6587
6588
6590
6591
6592
6594
6595
6596
6601
6603
6604
6609
6611
6612
6616
6617
6618
6622
6625
6626
6627
6628
6630
6632
6634
6636
6639
6642
6643
6644
6645
6648
6649
6651
6653
6654
6655
6657
6658
6659
6660
6663
6666
6669
6674
6675
6676
6686
6688
6693
6696
6697
6699
6700
6701
6702
6703
6705
6707
6710
6716
6720
6724
6725
6726
6728
6729
6733
6734
6737
6741
6746
6747
6755
6759
6760
6766
6768
6775
6789
6792
6794
6797
6800
6801
6802
6803
6804
6809
6810
6815
6819
6820
6821
6822
6824
6826
6828
6829
6830
6832
6833
6834
6836
6838
6839
6840
6841
6842
6843
6845
6846
6850
6852
6854
6856
6860
6862
6869
6875
6876
6879
6880
6882
6887
6888
6890
6891
6894
6898
6901
6902
6903
6906
6908
6912
6916
6921
6922
6928
6929
6930
6931
6935
6936
6938
6939
6941
6945
6948
6949
6950
6952
6953
6954
6955
6957
6960
6962
6966
6968
6971
6974
6975
6977
6979
6980
6984
6986
6987
6988
6992
6994
6995
6996
6998
6999
7005
7007
7008
7010
7013
7017
7018
7020
7021
7028
7031
7033
7035
7037
7040
7042
7043
7045
7046
7049
7057
7058
7064
7068
7069
7075
7076
7077
7078
7079
7080
7082
7083
7085
7088
7089
7090
7091
7094
7095
7096
7099
7100
7104
7107
7115
7118
7123
7124
7125
7126
7129
7131
7133
7134
7138
7143
7144
7148
7149
7150
7152
7168
7169
7174
7175
7181
7183
7184
7190
7192
7194
7201
7217
7225
7227
7229
7230
7238
7260
7264
7288
7342
7399
7410
7427
7441
7442
7443
7455
7456
7457
7458
7460
7463
7464
7465
7470
7472
7479
7480
7481
7483
7484
7487
7494
7504
7505
7514
7517
7521
7535
7537
7541
7542
7544
7550
7551
7563
7567
7577
7586
7589
7596
7619
7629
7630
7641
7748
7750
7751
7761
7768
7785
7787
7797
7799
7800
7803
7804
7806
7817
7835
7838
7840
7842
7843
7844
7846
7853
7885
7887
7889
7927
7929
7930
7933
7942
7965
7966
7970
7971
8004
8005
8006
8008
8010
8013
8014
8016
8017
8018
8020
8045
8052
8053
8083
8085
8088
8089
8121
8122
8154
8157
8179
8200
8324
8343
8796
12812
13498
13500
13511
13526
13531
13536
13540
13546
13549
13553
13560
13562
13566
13568
13569
13573
13576
13580
13603
13617
13620
13626
13627
13631
13632
13644
13663
13671
13678
13681
13690
13692
13700
13707
13708
13718
13729
13733
13745
13761
13772
13784
13823
13828
13835
13839
13864
13866
13867
13880
13888
13890
13904
13905
13918
13926
13950
13953
13956
13957
13960
13963
13971
13975
13977
13995
13998
14008
14011
14015
14042
14043
14046
14050
14062
14071
14092
14111
14117
14123
14125
14127
14134
14135
14137
14150
14156
14164
14167
14176
14179
14192
14195
14199
14202
14203
14208
14212
14216
14234
14240
14252
14273
14287
14296
14304
14307
14323
14331
14397
14610
14656
14678
14694
14702
14719
14725
14742
14747
14751
14759
14764
14765
14776
14778
14796
14814
14815
14820
14823
14828
14832
14848
14859
14861
14862
14870
14878
14885
14887
14890
14907
14909
14915
14920
14921
14922
14948
14950
14954
14965
14971
14989
14990
14999
15001
15004
15007
15008
15010
15027
15033
15036
15041
15050
15052
15054
15058
15077
15081
15083
15095
15096
15098
15101
15115
15119
15134
15135
15162
15164
15175
15176
15199
15212
15213
15214
15217
15223
15252
15264
15266
15276
15279
15284
15288
15295
15300
15310
15312
15318
15319
15359
15361
15366
15372
15388
15392
15398
15401
15439
15450
15456
15458
15484
15578
15723
15734
15736
15737
15740
15741
15743
15747
15753
15755
15756
15758
15760
15762
15763
15765
15769
15774
15777
15778
15780
15786
15797
15798
15801
15806
15807
15814
15815
15818
15822
15823
15824
15839
15840
15846
15847
15851
15853
15854
15856
15860
15862
15868
15875
15885
15888
15893
15899
15909
15915
15923
15933
15942
15953
15956
15966
15977
15983
15984
15996
15997
16000
16012
16046
16050
16060
16078
16128
16132
16135
16136
16137
16150
16159
16177
16180
16181
16182
16184
16187
16189
16194
16197
16200
16226
16228
16229
16232
16233
16242
16281
16283
16285
16293
16310
16315
16318
16320
16330
16333
16367
16368
16370
16371
16372
16377
16380
16390
16404
16416
16422
16423
16431
16432
16438
16441
16443
16468
16470
16474
16476
16480
16481
16484
16486
16499
16508
16517
16520
16527
16551
16558
16562
16567
16572
16598
16599
16613
16622
16632
16639
16640
16643
16644
16651
16677
16684
16931
16970
16972
16973
16985
16986
16987
16993
17001
17005
17006
17011
17013
17017
17019
17024
17025
17028
17029
17038
17045
17048
17051
17052
17053
17057
17060
17063
17066
17067
17070
17072
17073
17076
17080
17081
17082
17083
17090
17091
17093
17095
17097
17098
17099
17100
17107
17108
17111
17112
17120
17121
17122
17127
17132
17134
17136
17138
17139
17143
17144
17146
17150
17153
17155
17160
17163
17167
17168
17175
17176
17178
17180
17183
17184
17188
17189
17190
17191
17192
17194
17198
17204
17206
17210
17215
17220
17222
17223
17224
17226
17231
17235
17236
17237
17241
17242
17243
17244
17245
17246
17247
17253
17254
17259
17267
17270
17273
17281
17282
17284
17287
17289
17294
17296
17299
17304
17307
17310
17311
17312
17313
17317
17319
17320
17321
17322
17335
17336
17337
17341
17342
17346
17355
17360
17362
17365
17368
17369
17371
17372
17376
17377
17379
17384
17385
17391
17411
17412
17413
17417
17418
17421
17427
17428
17431
17432
17433
17434
17435
17440
17441
17445
17447
17448
17449
17450
17453
17457
17459
17460
17465
17466
17473
17475
17476
17480
17481
17482
17484
17485
17486
17488
17491
17493
17501
17503
17504
17508
17510
17522
17528
17530
17533
17534
17536
17538
17539
17542
17544
17545
17546
17547
17548
17550
17554
17559
17560
17562
17574
17579
17582
17586
17587
17588
17590
17593
17595
17597
17598
17600
17601
17605
17610
17613
17615
17619
17621
17623
17624
17625
17632
17634
17637
17642
17643
17647
17648
17649
17650
17651
17653
17658
17660
17667
17669
17676
17678
17682
17689
17692
17693
17696
17698
17699
17704
17705
17707
17708
17709
17714
17715
17717
17721
17722
17724
17730
17733
17734
17738
17740
17741
17743
17744
17746
17748
17752
17754
17755
17756
17757
17759
17761
17762
17763
17764
17765
17766
17768
17778
17779
17782
17784
17787
17789
17793
17795
17800
17802
17805
17807
17813
17820
17824
17826
17836
17840
17842
17843
17848
17849
17851
17866
17874
17879
17886
17906
17919
17929
17946
18040
18093
18102
18119
18202
18207
18214
18220
18227
18230
18233
18235
18236
18239
18240
18243
18244
18245
18255
18257
18261
18262
18266
18268
18269
18270
18272
18274
18278
18285
18289
18294
18302
18303
18304
18312
18315
18316
18328
18331
18333
18337
18339
18340
18348
18349
18350
18352
18354
18355
18357
18358
18359
18365
18366
18367
18368
18370
18371
18372
18373
18376
18382
18390
18395
18396
18398
18400
18402
18405
18406
18413
18415
18416
18420
18421
18424
18426
18428
18430
18436
18440
18443
18445
18446
18447
18448
18449
18451
18452
18455
18458
18467
18468
18469
18470
18471
18478
18482
18483
18484
18491
18500
18503
18504
18512
18515
18518
18519
18525
18528
18536
18537
18540
18554
18555
18556
18557
18558
18567
18569
18571
18575
18590
18599
18601
18602
18604
18606
18608
18609
18611
18613
18614
18618
18623
18624
18628
18631
18637
18639
18640
18642
18643
18645
18646
18647
18648
18649
18651
18654
18655
18656
18658
18659
18664
18665
18667
18668
18673
18682
18696
18697
18698
18699
18701
18707
18717
18720
18725
18734
18735
18736
18741
18742
18743
18745
18746
18747
18750
18751
18752
18753
18754
18759
18765
18769
18772
18773
18789
18791
18794
18795
18796
18802
18804
18806
18808
18809
18816
18817
18820
18827
18831
18832
18837
18842
18844
18845
18846
18847
18848
18850
18854
18861
18862
18864
18865
18871
18872
18873
18874
18877
18884
18886
18887
18890
18894
18895
18896
18901
18902
18903
18904
18905
18906
18916
18921
18927
18928
18931
18933
18934
18935
18936
18937
18938
18939
18942
18943
18946
18947
18957
18959
18960
18962
18963
18964
18965
18967
18969
18970
18977
18986
18997
18999
19009
19013
19020
19028
19038
19041
19046
19047
19048
19049
19052
19062
19065
19073
19079
19091
19305
19306
19307
19309
19311
19321
19324
19325
19351
19364
19373
19376
19380
19381
19385
19390
19392
19393
19396
19407
19438
19440
19446
19453
19454
19458
19464
19468
19478
19479
19486
19488
19492
19493
19496
19505
19511
19513
19516
19537
19540
19545
19551
19556
19562
19563
19565
19566
19567
19569
19574
19578
19579
19580
19590
19591
19593
19602
19603
19604
19605
19607
19609
19612
19613
19614
19616
19625
19632
19644
19646
19647
19651
19655
19656
19660
19667
19672
19683
19684
19692
19707
19708
19716
19733
19740
19771
19776
19781
19783
19787
19790
19792
19794
19796
19800
19804
19805
19806
19808
19812
19813
19814
19815
19816
19820
19821
19824
19825
19826
19828
19829
19830
19833
19835
19836
19837
19838
19840
19852
19859
19860
19863
19864
19865
19872
19875
19880
19882
19887
19890
19894
19902
19908
19910
19911
19923
19926
19929
19932
19940
19947
19951
19953
19964
19965
19966
19977
19978
19982
19983
19984
19986
19988
19990
19991
19995
19998
19999
20000
20002
20007
20008
20010
20011
20012
20013
20014
20017
20019
20021
20023
20031
20032
20038
20039
20041
20044
20045
20047
20060
20061
20068
20074
20075
20076
20084
20085
20087
20092
20095
20097
20102
20103
20104
20105
20106
20107
20109
20112
20117
20118
20120
20121
20122
20123
20124
20125
20126
20131
20132
20134
20138
20139
20141
20142
20147
20151
20152
20153
20154
20157
20158
20159
20160
20165
20170
20171
20173
20174
20177
20178
20179
20181
20182
20193
20194
20202
20203
20204
20207
20214
20215
20219
20220
20222
20223
20224
20226
20229
20232
20233
20235
20236
20238
20239
20243
20248
20249
20251
20265
20266
20267
20268
20269
20274
20276
20279
20281
20283
20285
20286
20294
20295
20297
20299
20300
20301
20302
20303
20304
20305
20306
20307
20312
20316
20318
20319
20326
20327
20328
20330
20331
20336
20338
20347
20351
20353
20356
20363
20364
20366
20367
20369
20370
20371
20373
20374
20376
20379
20390
20396
20397
20406
20408
20412
20414
20417
20418
20420
20421
20427
20436
20442
20443
20446
20450
20451
20453
20455
20459
20460
20462
20463
20468
20472
20481
20486
20490
20492
20498
20499
20501
20511
20516
20524
20526
20535
20540
20543
20582
20773
20775
20777
20780
20784
20785
20786
20788
20797
20799
20801
20803
20808
20810
20815
20816
20819
20831
20833
20835
20837
20838
20845
20848
20851
20854
20856
20857
20859
20861
20863
20865
20866
20871
20873
20875
20876
20878
20879
20880
20881
20888
20899
20906
20908
20909
20911
20913
20915
20921
20923
20924
20930
20934
20935
20937
20939
20942
20944
20945
20952
20955
20960
20961
20966
20967
20974
20975
20978
20982
20992
21000
21007
21008
21009
21012
21016
21017
21018
21019
21034
21038
21043
21045
21048
21051
21054
21055
21056
21058
21064
21067
21070
21074
21076
21082
21090
21091
21097
21105
21110
21111
21117
21119
21123
21126
21128
21141
21144
21147
21149
21150
21153
21161
21163
21177
21180
21182
21183
21184
21186
21187
21190
21191
21192
21193
21197
21198
21199
21200
21201
21207
21210
21214
21215
21218
21220
21226
21227
21228
21230
21233
21242
21246
21247
21250
21251
21253
21255
21258
21259
21264
21270
21273
21274
21278
21281
21282
21283
21286
21287
21288
21289
21294
21298
21299
21300
21304
21309
21310
21323
21324
21326
21327
21330
21333
21335
21336
21337
21338
21339
21346
21352
21353
21359
21360
21362
21363
21364
21366
21369
21373
21376
21379
21381
21382
21383
21387
21390
21394
21401
21405
21407
21411
21412
21413
21414
21416
21419
21424
21425
21428
21429
21433
21434
21436
21437
21439
21441
21442
21443
21444
21446
21447
21450
21452
21453
21455
21456
21457
21461
21466
21469
21470
21471
21474
21475
21476
21478
21486
21493
21496
21500
21502
21504
21506
21510
21514
21516
21517
21520
21521
21523
21526
21530
21531
21535
21538
21556
21557
21560
21572
21577
21593
21625
21659
21828
21835
21837
21841
21842
21850
21852
21856
21857
21864
21872
21875
21892
21893
21901
21903
21907
21910
21911
21915
21924
21933
21934
21937
21938
21941
21944
21945
21947
21950
21951
21953
21956
21958
21961
21964
21965
21970
21976
21977
21979
21983
21984
21987
21990
21991
21992
21995
21996
22002
22008
22010
22012
22013
22021
22022
22025
22026
22028
22034
22036
22038
22041
22046
22048
22060
22066
22076
22081
22082
22083
22084
22085
22086
22087
22090
22095
22098
22109
22116
22117
22120
22126
22127
22128
22129
22130
22135
22137
22141
22142
22143
22144
22149
22150
22154
22157
22159
22161
22164
22166
22168
22178
22181
22182
22185
22187
22188
22195
22196
22198
22202
22208
22209
22213
22215
22218
22220
22222
22227
22229
22242
22244
22247
22248
22250
22252
22255
22256
22257
22259
22260
22261
22264
22265
22266
22273
22279
22280
22285
22286
22287
22288
22289
22294
22296
22297
22299
22300
22303
22307
22311
22315
22317
22318
22327
22334
22336
22337
22345
22346
22348
22349
22353
22354
22355
22356
22357
22358
22362
22369
22370
22376
22378
22379
22380
22385
22387
22390
22391
22392
22394
22395
22396
22397
22412
22413
22415
22416
22418
22419
22420
22422
22423
22432
22433
22435
22436
22440
22446
22448
22451
22453
22454
22455
22456
22457
22464
22470
22485
22489
22491
22494
22496
22498
22500
22503
22504
22505
22506
22508
22514
22518
22521
22528
22541
22543
22546
22548
22570
22577
22596
22670
22751
22755
22756
22763
22766
22771
22772
22781
22785
22788
22792
22794
22798
22799
22800
22801
22803
22806
22808
22810
22811
22812
22815
22816
22818
22823
22828
22836
22848
22858
22861
22864
22873
22877
22884
22885
22893
22904
22909
22910
22912
22916
22918
22919
22923
22924
22925
22927
22932
22938
22950
22961
22963
22966
22968
22970
22978
22979
22982
22984
22985
22992
22993
23007
23009
23020
23021
23023
23026
23031
23035
23037
23050
23054
23059
23060
23066
23068
23083
23084
23086
23088
23089
23090
23091
23097
23102
23105
23107
23109
23121
23127
23135
23148
23154
23155
23160
23165
23169
23170
23173
23176
23177
23186
23187
23192
23194
23200
23201
23203
23211
23216
23217
23222
23225
23227
23230
23231
23234
23235
23253
23255
23258
23259
23260
23261
23263
23264
23274
23284
23285
23286
23288
23289
23292
23299
23302
23304
23310
23311
23314
23315
23318
23321
23325
23328
23329
23330
23337
23340
23346
23347
23350
23351
23356
23357
23360
23380
23381
23383
23384
23390
23392
23393
23395
23398
23400
23401
23410
23412
23414
23422
23423
23424
23426
23427
23430
23432
23446
23451
23453
23454
23458
23466
23479
23485
23487
23491
23501
23504
23506
23508
23510
23511
23524
23534
23537
23551
23556
23560
23565
23567
23571
23578
23581
23590
23592
23594
23595
23596
23597
23598
23601
23602
23614
23616
23642
23645
23648
23653
23656
23661
23666
23668
23703
23865
23895
23944
23951
23953
23957
23959
23969
23973
23979
23986
23988
23989
23993
23996
24000
24004
24009
24013
24015
24016
24019
24023
24024
24029
24033
24038
24039
24040
24041
24044
24045
24047
24050
24052
24055
24056
24057
24060
24061
24080
24091
24095
24098
24105
24107
24115
24117
24118
24120
24124
24140
24141
24142
24144
24145
24147
24148
24154
24155
24157
24159
24160
24161
24163
24165
24167
24169
24172
24181
24186
24191
24200
24201
24204
24206
24209
24213
24220
24225
24228
24233
24236
24243
24251
24252
24261
24263
24264
24266
24273
24277
24281
24290
24293
24303
24304
24308
24310
24312
24317
24319
24320
24324
24327
24332
24338
24342
24348
24353
24356
24358
24361
24363
24368
24369
24371
24376
24381
24382
24383
24385
24386
24390
24396
24402
24405
24413
24415
24420
24428
24429
24432
24436
24439
24445
24450
24454
24455
24466
24471
24472
24473
24478
24485
24486
24492
24494
24495
24496
24501
24502
24503
24505
24507
24510
24513
24520
24533
24535
24537
24540
24541
24547
24552
24553
24556
24564
24565
24567
24568
24569
24570
24577
24579
24580
24581
24582
24583
24584
24586
24589
24590
24591
24592
24594
24603
24604
24606
24607
24615
24618
24621
24624
24628
24632
24634
24643
24647
24650
24653
24664
24667
24671
24674
24676
24677
24678
24682
24687
24689
24692
24698
24700
24702
24703
24704
24705
24709
24710
24711
24712
24717
24718
24724
24725
24730
24734
24737
24738
24740
24746
24747
24754
24755
24758
24759
24760
24761
24765
24767
24770
24776
24778
24781
24785
24786
24787
24789
24790
24792
24796
24797
24798
24800
24813
24819
24821
24822
24824
24827
24828
24830
24842
24850
24856
24863
24873
24874
24875
24898
24903
24905
24938
25093
25103
25104
25107
25112
25118
25123
25129
25131
25137
25149
25158
25180
25183
25186
25189
25196
25199
25200
25212
25219
25223
25224
25225
25237
25246
25254
25272
25287
25297
25298
25304
25318
25319
25349
25397
25409
25447
25458
25459
25461
25465
25474
25504
25509
25512
25518
25519
25523
25525
25530
25551
25568
25569
25573
25577
25578
25580
25585
25618
25622
25625
25629
25630
25631
25632
25644
25648
25650
25651
25663
25680
25681
25686
25687
25688
25689
25692
25700
25701
25707
25708
25709
25738
25747
25755
25760
25772
25784
25801
25804
25808
25835
25844
25845
25849
25851
25854
25862
25882
25898
25903
25910
25911
25927
25943
25950
25953
25955
25957
25960
26005
26035
26038
26044
26049
26352
26354
26364
26368
26557
26660
26667
26722
29378
29383
29385
29393
29396
29398
29404
29410
29419
29420
29422
29429
29437
29450
29458
29461
29479
29483
29495
29515
29516
29542
29567
29594
29647
29675
29680
29691
29695
29726
29736
29746
29754
29758
29784
29788
29793
29799
29823
29830
29849
29855
29909
29915
29916
29918
29928
29945
29971
29974
29985
29986
29989
30001
30011
30018
30036
30041
30051
30061
30069
30086
30099
30100
30102
30108
30126
30136
30140
30141
30143
30147
30171
30180
30188
30193
30202
30211
30231
30239
30242
30269
30325
30355
30476
30561
30571
30574
30575
30581
30590
30594
30596
30598
30616
30622
30623
30625
30627
30630
30631
30632
30634
30635
30638
30639
30642
30643
30644
30645
30648
30650
30659
30660
30662
30669
30670
30674
30675
30676
30688
30701
30702
30703
30705
30706
30707
30708
30712
30713
30724
30726
30728
30729
30735
30738
30739
30741
30746
30749
30767
30768
30770
30771
30773
30776
30778
30784
30790
30791
30793
30801
30804
30824
30825
30829
30830
30833
30845
30848
30854
30855
30856
30858
30860
30884
30889
30890
30893
30898
30912
30916
30920
30925
30926
30929
30932
30933
30939
30940
30942
30945
30948
30954
30958
30962
30964
30966
30967
30968
30969
30981
30983
30984
30988
30991
30993
30994
30995
30996
31001
31008
31011
31014
31016
31018
31028
31029
31031
31032
31040
31043
31050
31052
31055
31058
31060
31061
31062
31063
31065
31066
31067
31068
31070
31072
31074
31078
31082
31098
31102
31103
31105
31108
31109
31110
31113
31114
31116
31117
31118
31120
31122
31123
31127
31128
31131
31133
31139
31142
31143
31151
31154
31158
31160
31162
31165
31166
31174
31175
31182
31191
31196
31198
31199
31201
31203
31204
31205
31208
31210
31213
31214
31218
31220
31225
31226
31227
31231
31236
31238
31240
31242
31243
31244
31245
31248
31249
31255
31258
31267
31270
31279
31282
31283
31291
31292
31294
31296
31298
31300
31301
31302
31308
31312
31314
31317
31320
31324
31328
31331
31337
31338
31340
31341
31347
31351
31354
31357
31359
31360
31393
31400
31401
31402
31416
31418
31419
31420
31429
31430
31434
31436
31440
31441
31442
31445
31452
31454
31456
31457
31461
31474
31492
31494
31499
31520
31524
31527
31542
31608
31705
31762
31763
31765
31768
31769
31772
31776
31777
31782
31783
31784
31786
31790
31791
31794
31795
31805
31807
31811
31813
31816
31828
31838
31839
31844
31848
31849
31850
31852
31854
31855
31862
31867
31873
31880
31885
31890
31895
31897
31900
31907
31909
31910
31911
31912
31914
31921
31923
31932
31942
31947
31955
31956
31957
31964
31965
31969
31972
31975
31980
31987
31988
31991
31992
32002
32005
32011
32013
32019
32021
32023
32027
32028
32031
32034
32040
32043
32045
32047
32049
32053
32056
32060
32063
32064
32073
32077
32078
32088
32089
32091
32093
32099
32123
32124
32125
32126
32128
32133
32135
32137
32138
32140
32145
32147
32148
32151
32152
32162
32165
32167
32168
32171
32172
32178
32186
32187
32190
32193
32197
32204
32208
32209
32210
32213
32217
32218
32220
32221
32222
32223
32233
32234
32235
32240
32248
32258
32263
32264
32268
32269
32273
32277
32279
32282
32288
32293
32294
32296
32307
32308
32319
32321
32322
32323
32325
32333
32334
32335
32337
32338
32343
32350
32352
32353
32355
32356
32363
32374
32375
32376
32377
32379
32385
32388
32390
32392
32396
32397
32398
32400
32402
32403
32406
32407
32409
32423
32426
32428
32429
32435
32436
32437
32438
32439
32443
32444
32445
32449
32455
32460
32464
32468
32471
32472
32473
32475
32479
32480
32481
32482
32485
32486
32488
32489
32490
32492
32496
32497
32501
32509
32517
32521
32524
32525
32529
32533
32536
32543
32551
32554
32563
32564
32572
32574
32577
32586
32588
32601
32602
32755
32829
32854
32856
32857
32859
32862
32863
32865
32866
32869
32871
32877
32884
32890
32891
32892
32899
32900
32904
32907
32909
32913
32916
32923
32924
32927
32928
32932
32933
32934
32936
32941
32946
32954
32955
32956
32959
32960
32962
32970
32972
32973
32974
32976
32983
32990
32991
32997
33013
33019
33023
33027
33028
33031
33032
33033
33034
33035
33038
33039
33040
33041
33042
33045
33048
33050
33051
33052
33054
33056
33057
33058
33061
33063
33064
33072
33074
33075
33079
33083
33088
33089
33092
33096
33099
33101
33104
33105
33106
33109
33112
33118
33129
33130
33132
33136
33141
33148
33149
33151
33157
33159
33163
33165
33167
33171
33172
33175
33176
33177
33179
33180
33185
33187
33188
33189
33190
33197
33200
33204
33205
33206
33210
33212
33213
33214
33215
33216
33221
33222
33224
33227
33233
33237
33240
33241
33251
33253
33254
33256
33258
33261
33262
33265
33266
33269
33274
33275
33279
33285
33287
33288
33289
33296
33297
33302
33303
33311
33314
33320
33321
33327
33332
33335
33336
33338
33341
33353
33354
33355
33357
33358
33362
33364
33365
33366
33369
33370
33380
33385
33386
33387
33388
33390
33391
33392
33393
33396
33401
33402
33404
33408
33411
33412
33423
33427
33430
33431
33433
33434
33435
33437
33442
33443
33444
33448
33451
33452
33455
33460
33464
33469
33470
33478
33480
33481
33483
33486
33487
33489
33496
33501
33508
33509
33510
33515
33518
33520
33522
33523
33525
33526
33527
33534
33535
33537
33542
33546
33549
33551
33559
33564
33589
33629
33803
33807
33814
33815
33818
33819
33821
33824
33827
33831
33835
33837
33848
33851
33861
33862
33869
33873
33880
33881
33882
33890
33892
33900
33902
33914
33916
33918
33923
33926
33927
33930
33934
33937
33938
33940
33942
33945
33946
33952
33956
33957
33960
33962
33966
33967
33971
33973
33975
33976
33983
33985
33988
33990
33993
33998
34004
34006
34007
34010
34011
34013
34016
34028
34029
34031
34033
34037
34045
34047
34051
34052
34059
34060
34064
34067
34072
34076
34078
34079
34080
34081
34082
34083
34084
34092
34097
34099
34100
34104
34110
34112
34114
34116
34118
34119
34121
34127
34129
34131
34137
34139
34142
34154
34158
34159
34160
34162
34164
34165
34166
34174
34175
34178
34179
34181
34184
34185
34186
34188
34189
34190
34191
34193
34194
34196
34197
34199
34200
34202
34203
34204
34205
34210
34211
34212
34213
34221
34224
34225
34226
34229
34230
34233
34234
34240
34241
34243
34244
34247
34248
34249
34251
34252
34255
34258
34264
34266
34267
34268
34271
34272
34276
34280
34284
34286
34291
34292
34296
34299
34300
34301
34302
34303
34306
34309
34310
34314
34317
34323
34329
34330
34333
34334
34336
34337
34339
34343
34348
34356
34359
34361
34363
34366
34369
34371
34372
34380
34381
34383
34384
34386
34387
34390
34391
34393
34396
34404
34408
34410
34413
34415
34417
34420
34424
34426
34436
34437
34438
34444
34447
34449
34451
34457
34458
34460
34462
34467
34468
34470
34476
34481
34492
34500
34507
34508
34510
34544
34559
34701
34706
34707
34722
34727
34732
34735
34740
34742
34743
34744
34745
34746
34750
34754
34755
34756
34760
34763
34764
34770
34771
34779
34780
34782
34783
34786
34792
34794
34798
34800
34805
34807
34809
34811
34812
34813
34815
34823
34824
34828
34835
34836
34837
34839
34843
34845
34846
34849
34852
34853
34855
34859
34866
34871
34874
34876
34879
34881
34882
34884
34891
34895
34896
34901
34902
34904
34905
34906
34907
34909
34910
34911
34914
34918
34922
34926
34929
34930
34935
34938
34941
34942
34944
34955
34958
34959
34966
34969
34975
34976
34978
34980
34982
34988
34992
35016
35021
35023
35024
35025
35026
35029
35042
35047
35050
35052
35061
35063
35065
35066
35070
35071
35072
35074
35078
35081
35083
35084
35085
35089
35091
35095
35096
35097
35098
35101
35110
35116
35121
35126
35129
35130
35131
35134
35135
35142
35146
35149
35153
35154
35156
35157
35160
35165
35169
35174
35175
35176
35178
35179
35180
35183
35184
35188
35189
35190
35191
35192
35194
35195
35196
35198
35199
35201
35202
35203
35206
35209
35211
35213
35216
35217
35219
35224
35226
35228
35229
35232
35233
35236
35237
35244
35245
35246
35248
35249
35252
35253
35254
35255
35258
35259
35262
35264
35270
35272
35277
35278
35279
35281
35284
35289
35292
35294
35295
35297
35299
35306
35307
35309
35310
35312
35313
35314
35317
35320
35321
35322
35323
35324
35325
35328
35332
35335
35339
35343
35345
35348
35350
35352
35354
35355
35356
35362
35368
35371
35373
35375
35381
35383
35384
35390
35391
35396
35397
35404
35412
35629
35630
35633
35638
35640
35642
35643
35647
35648
35649
35651
35656
35657
35658
35660
35661
35663
35665
35666
35670
35673
35677
35680
35683
35686
35688
35689
35691
35694
35698
35699
35704
35707
35708
35711
35712
35713
35715
35717
35723
35728
35731
35733
35734
35736
35737
35743
35745
35752
35754
35759
35761
35762
35770
35773
35782
35790
35794
35798
35799
35802
35803
35804
35807
35811
35816
35817
35819
35820
35821
35824
35827
35833
35834
35838
35842
35843
35847
35849
35851
35853
35856
35858
35859
35860
35861
35864
35865
35867
35877
35879
35880
35881
35883
35884
35893
35902
35905
35906
35909
35912
35913
35914
35915
35916
35923
35930
35931
35934
35939
35940
35941
35942
35943
35944
35947
35948
35950
35955
35957
35958
35961
35963
35968
35973
35975
35976
35977
35978
35980
35982
35983
35984
35985
35986
35987
35989
35990
35991
35992
35993
35995
36000
36003
36005
36006
36008
36010
36014
36020
36021
36022
36024
36025
36026
36027
36028
36029
36031
36032
36038
36044
36045
36048
36053
36055
36059
36061
36063
36064
36069
36076
36078
36079
36084
36085
36086
36088
36090
36091
36092
36093
36096
36098
36101
36103
36104
36106
36111
36121
36123
36124
36131
36134
36136
36137
36141
36144
36148
36149
36150
36151
36157
36159
36161
36162
36163
36164
36166
36168
36171
36172
36174
36191
36193
36198
36200
36202
36203
36204
36205
36207
36209
36215
36218
36220
36222
36223
36224
36227
36228
36229
36230
36231
36235
36242
36244
36250
36252
36258
36261
36263
36268
36271
36283
36313
36314
36503
36510
36511
36513
36514
36516
36517
36520
36524
36525
36531
36550
36551
36552
36553
36559
36560
36565
36567
36569
36570
36571
36573
36574
36582
36585
36586
36588
36589
36590
36593
36597
36607
36609
36610
36614
36616
36618
36624
36625
36630
36631
36632
36637
36644
36648
36653
36658
36688
36693
36694
36695
36701
36704
36719
36725
36727
36732
36735
36739
36740
36741
36744
36749
36752
36760
36761
36767
36768
36770
36771
36773
36777
36778
36780
36782
36784
36788
36789
36790
36796
36799
36801
36804
36807
36808
36810
36811
36814
36817
36819
36822
36823
36824
36825
36828
36830
36831
36834
36837
36842
36843
36860
36864
36865
36867
36868
36870
36872
36873
36874
36875
36876
36881
36882
36884
36889
36891
36892
36893
36894
36896
36898
36900
36901
36903
36905
36908
36909
36910
36913
36914
36915
36916
36918
36922
36927
36928
36933
36934
36939
36941
36943
36944
36946
36948
36949
36952
36953
36956
36957
36958
36959
36961
36963
36964
36966
36967
36968
36969
36974
36976
36977
36979
36980
36985
36987
36988
36989
36990
36991
36995
36996
37003
37004
37006
37007
37016
37020
37021
37025
37026
37028
37030
37031
37032
37035
37046
37047
37048
37050
37052
37053
37055
37056
37058
37059
37060
37062
37064
37065
37066
37068
37069
37070
37072
37073
37077
37080
37082
37085
37087
37088
37089
37090
37093
37095
37096
37102
37103
37105
37106
37107
37108
37109
37131
37137
37152
37156
37161
37163
37175
37295
37342
37344
37349
37357
37362
37364
37366
37368
37372
37373
37377
37380
37381
37384
37388
37390
37392
37393
37394
37395
37396
37397
37398
37399
37402
37406
37410
37413
37414
37419
37426
37430
37431
37432
37433
37434
37438
37442
37443
37445
37447
37448
37451
37452
37456
37458
37462
37465
37468
37469
37470
37475
37478
37482
37485
37488
37490
37491
37493
37494
37495
37498
37500
37501
37510
37515
37520
37529
37532
37533
37534
37538
37541
37542
37543
37545
37547
37549
37555
37556
37558
37563
37564
37567
37569
37570
37574
37577
37584
37590
37591
37596
37598
37601
37604
37606
37607
37618
37634
37636
37644
37645
37646
37647
37649
37651
37652
37653
37654
37658
37660
37661
37665
37666
37668
37670
37671
37674
37683
37686
37688
37691
37692
37694
37695
37697
37700
37701
37704
37705
37706
37708
37709
37710
37714
37715
37718
37723
37724
37725
37727
37730
37732
37733
37734
37737
37738
37746
37749
37750
37751
37755
37757
37758
37760
37763
37764
37767
37768
37769
37770
37771
37772
37773
37774
37776
37778
37781
37782
37785
37786
37787
37789
37791
37797
37798
37800
37804
37805
37808
37809
37815
37822
37824
37830
37832
37833
37834
37838
37840
37843
37844
37845
37852
37853
37858
37860
37861
37862
37864
37868
37871
37877
37878
37879
37881
37884
37885
37890
37891
37895
37899
37902
37903
37905
37907
37908
37910
37911
37912
37916
37922
37923
37924
37925
37928
37935
37938
37939
37941
37948
37949
37954
37955
37956
37957
37958
37961
37964
37966
37968
37974
37980
37981
37983
37984
37989
37997
37999
38001
38006
38011
38014
38019
38031
38038
38040
38043
38061
38151
38229
38244
38246
38252
38257
38262
38264
38265
38266
38267
38269
38274
38275
38277
38279
38280
38283
38285
38288
38291
38292
38296
38300
38302
38307
38316
38317
38318
38321
38322
38327
38332
38335
38340
38341
38342
38343
38352
38353
38355
38360
38365
38369
38371
38372
38374
38376
38378
38381
38382
38383
38384
38386
38393
38401
38405
38406
38407
38421
38426
38427
38431
38432
38434
38441
38443
38448
38449
38452
38454
38455
38456
38457
38459
38468
38470
38473
38476
38477
38481
38485
38499
38503
38506
38507
38509
38510
38511
38512
38514
38516
38523
38526
38529
38535
38536
38538
38540
38542
38544
38549
38550
38555
38560
38561
38563
38566
38572
38574
38580
38584
38590
38596
38597
38603
38607
38608
38609
38613
38614
38616
38622
38623
38624
38628
38633
38635
38637
38640
38645
38646
38647
38649
38654
38655
38656
38657
38658
38660
38661
38662
38664
38665
38672
38675
38680
38683
38684
38686
38688
38689
38691
38692
38693
38694
38697
38701
38702
38704
38707
38708
38711
38713
38714
38717
38719
38720
38721
38722
38725
38730
38731
38733
38737
38738
38745
38747
38753
38755
38756
38757
38758
38759
38760
38763
38764
38765
38767
38768
38776
38777
38778
38779
38780
38783
38784
38787
38788
38792
38795
38798
38799
38800
38802
38803
38809
38810
38812
38815
38819
38822
38823
38826
38827
38829
38830
38835
38836
38841
38849
38850
38851
38868
38876
38886
38918
38962
38971
39098
39103
39105
39107
39109
39112
39114
39117
39119
39121
39122
39124
39128
39129
39131
39132
39133
39140
39142
39148
39149
39150
39154
39156
39160
39161
39163
39172
39175
39183
39185
39189
39196
39198
39199
39201
39204
39211
39212
39214
39216
39220
39228
39229
39236
39239
39243
39246
39247
39257
39258
39259
39264
39269
39270
39272
39275
39277
39282
39286
39289
39291
39295
39296
39297
39300
39307
39311
39317
39319
39324
39325
39328
39345
39358
39360
39365
39374
39376
39377
39386
39396
39397
39398
39399
39400
39401
39402
39404
39406
39407
39408
39411
39412
39415
39417
39425
39426
39429
39430
39431
39433
39437
39438
39441
39443
39447
39448
39457
39458
39460
39462
39464
39467
39468
39469
39473
39476
39481
39488
39492
39493
39494
39500
39503
39506
39509
39510
39511
39512
39513
39514
39518
39522
39523
39526
39528
39529
39532
39533
39535
39537
39538
39542
39543
39544
39546
39550
39551
39552
39554
39555
39558
39559
39560
39563
39566
39567
39569
39571
39572
39574
39575
39582
39583
39585
39586
39587
39589
39591
39593
39596
39598
39599
39600
39601
39605
39606
39609
39615
39618
39619
39620
39621
39622
39631
39632
39633
39636
39637
39638
39641
39642
39647
39650
39651
39654
39657
39661
39664
39667
39670
39674
39679
39685
39690
39691
39693
39700
39702
39706
39707
39709
39711
39713
39717
39726
39727
39745
39803
39820
39950
39956
39958
39960
39964
39974
39979
39983
39989
39994
40000
40011
40013
40014
40017
40019
40020
40025
40027
40031
40033
40035
40037
40038
40040
40045
40047
40052
40053
40059
40063
40068
40070
40072
40074
40075
40081
40083
40084
40085
40094
40098
40102
40110
40120
40123
40124
40126
40129
40131
40132
40133
40135
40136
40141
40143
40144
40145
40147
40148
40150
40153
40155
40156
40157
40158
40171
40172
40180
40182
40183
40187
40190
40197
40199
40221
40222
40223
40227
40228
40229
40230
40235
40236
40237
40243
40245
40249
40250
40255
40266
40269
40270
40271
40275
40276
40277
40278
40279
40280
40285
40288
40293
40295
40298
40300
40301
40307
40311
40313
40314
40316
40320
40321
40324
40330
40332
40333
40334
40336
40341
40343
40346
40351
40352
40353
40354
40359
40362
40364
40365
40366
40369
40372
40376
40379
40383
40384
40390
40395
40396
40399
40402
40411
40414
40423
40424
40425
40426
40427
40430
40433
40435
40438
40439
40441
40442
40444
40451
40452
40457
40459
40460
40461
40463
40464
40466
40469
40470
40471
40472
40473
40475
40476
40478
40482
40484
40489
40494
40497
40499
40502
40503
40508
40517
40518
40520
40523
40524
40525
40526
40537
40539
40540
40549
40550
40552
40553
40556
40557
40562
40564
40565
40566
40567
40572
40574
40575
40577
40578
40579
40583
40587
40590
40593
40594
40599
40602
40603
40605
40611
40616
40619
40620
40635
40636
40641
40645
40707
40732
40733
40834
40851
40868
40869
40876
40880
40881
40884
40899
40905
40910
40911
40913
40915
40916
40917
40921
40922
40927
40929
40931
40939
40946
40951
40953
40957
40958
40959
40962
40963
40967
40968
40970
40973
40979
40986
40988
41001
41009
41010
41011
41012
41013
41016
41018
41023
41024
41030
41032
41040
41045
41047
41051
41053
41055
41056
41058
41062
41067
41070
41071
41075
41083
41094
41098
41101
41104
41109
41112
41114
41115
41120
41123
41125
41131
41132
41133
41138
41143
41146
41148
41156
41158
41162
41167
41170
41173
41174
41182
41183
41186
41187
41189
41197
41200
41207
41208
41225
41229
41233
41240
41243
41244
41248
41252
41253
41255
41263
41264
41267
41269
41276
41280
41290
41291
41294
41300
41309
41310
41322
41323
41324
41325
41328
41330
41331
41334
41342
41344
41348
41350
41351
41352
41357
41359
41365
41367
41368
41375
41377
41378
41379
41380
41382
41392
41393
41394
41397
41399
41401
41403
41404
41406
41409
41415
41418
41422
41426
41430
41433
41437
41442
41443
41444
41445
41447
41448
41449
41454
41455
41456
41457
41459
41463
41464
41465
41469
41480
41487
41488
41496
41509
41510
41511
41517
41518
41521
41522
41524
41535
41537
41538
41540
41542
41544
41546
41547
41552
41556
41557
41559
41563
41566
41568
41572
41574
41579
41581
41585
41588
41590
41594
41595
41599
41603
41605
41606
41608
41611
41615
41626
41628
41635
41636
41639
41641
41642
41644
41646
41647
41648
41650
41653
41654
41657
41658
41660
41664
41692
41694
41695
41700
41701
41715
41722
41732
41739
41745
41754
41780
41781
41784
41859
41894
41980
42011
42013
42014
42015
42019
42022
42024
42026
42028
42034
42035
42044
42054
42055
42056
42057
42063
42064
42066
42067
42069
42071
42076
42077
42078
42081
42082
42089
42090
42095
42101
42102
42104
42109
42111
42114
42116
42121
42125
42126
42127
42130
42135
42136
42139
42145
42146
42150
42151
42156
42159
42164
42167
42175
42189
42191
42198
42199
42203
42206
42217
42222
42225
42227
42230
42234
42236
42247
42268
42270
42271
42275
42316
42317
42319
42326
42327
42329
42332
42336
42343
42352
42359
42362
42363
42366
42369
42378
42394
42395
42396
42397
42399
42400
42401
42408
42415
42417
42442
42444
42447
42449
42452
42454
42458
42470
42502
42503
42504
42505
42506
42508
42509
42510
42511
42513
42514
42517
42522
42523
42524
42526
42527
42528
42529
42530
42533
42537
42548
42553
42554
42555
42558
42559
42565
42566
42598
42601
42603
42604
42608
42611
42614
42619
42620
42623
42624
42636
42637
42639
42644
42645
42648
42654
42659
42660
42671
42685
42687
42697
42700
42701
42705
42707
42710
42721
42725
42729
42734
42737
42738
42739
42744
42746
42750
42771
42785
42801
42802
42839
42875
44233
44278
44415
44419
44451
44531
44543
44599
44674
44792
45047
45052
45054
45055
45060
45072
45077
45079
45090
45097
45104
45109
45111
45117
45119
45127
45132
45138
45141
45150
45155
45164
45172
45182
45195
45206
45212
45216
45218
45226
45233
45256
45272
45346
45351
45352
45382
45384
45403
45427
45432
45435
45451
45464
45465
45470
45474
45493
45517
45518
45520
45523
45527
45529
45558
45586
45594
45597
45631
45636
45641
45647
45651
45654
45698
45702
45706
45707
45709
45710
45714
45715
45719
45723
45732
45747
45777
45808
45813
45818
45822
45826
45869
45872
45882
45900
45901
45907
45917
46031
46303
46311
46315
46317
46319
46320
46323
46325
46326
46328
46329
46330
46333
46335
46339
46343
46344
46351
46353
46355
46359
46360
46361
46369
46370
46374
46380
46381
46383
46385
46387
46388
46396
46408
46417
46418
46419
46422
46426
46431
46437
46438
46440
46444
46448
46449
46451
46454
46455
46456
46459
46462
46464
46465
46466
46468
46473
46479
46484
46493
46494
46504
46505
46511
46519
46528
46531
46532
46537
46542
46545
46551
46559
46566
46567
46568
46573
46578
46596
46603
46609
46622
46628
46643
46649
46667
46674
46682
46687
46692
46701
46715
46717
46718
46721
46726
46727
46731
46736
46743
46745
46746
46750
46765
46771
46772
46773
46774
46778
46781
46783
46790
46792
46799
46802
46803
46809
46810
46821
46826
46827
46834
46835
46850
46854
46858
46860
46870
46873
46874
46876
46878
46883
46886
46891
46892
46894
46896
46897
46898
46899
46904
46910
46914
46920
46924
46934
46935
46937
46938
46944
46947
46948
46953
46959
46965
46967
46969
46971
46982
46983
46987
46991
46996
47000
47007
47008
47009
47011
47013
47015
47028
47034
47037
47039
47041
47050
47052
47054
47055
47057
47061
47069
47072
47073
47074
47082
47086
47092
47094
47098
47100
47103
47106
47108
47109
47110
47113
47119
47121
47129
47135
47138
47142
47143
47148
47154
47160
47163
47172
47178
47181
47187
47199
47234
47242
47247
47248
47265
47510
47521
47522
47527
47530
47532
47534
47535
47538
47548
47553
47555
47558
47563
47569
47572
47573
47577
47582
47588
47600
47603
47605
47606
47607
47609
47611
47615
47621
47627
47630
47631
47632
47635
47637
47638
47639
47640
47647
47648
47649
47652
47658
47659
47661
47662
47668
47676
47677
47679
47685
47686
47692
47693
47694
47699
47700
47702
47713
47719
47721
47722
47724
47729
47735
47739
47743
47745
47746
47750
47751
47752
47753
47755
47759
47762
47763
47765
47766
47772
47774
47790
47792
47799
47800
47810
47811
47832
47834
47838
47839
47840
47841
47846
47847
47848
47851
47852
47853
47857
47860
47869
47874
47877
47878
47879
47881
47883
47884
47886
47888
47889
47897
47899
47903
47905
47906
47907
47908
47909
47910
47914
47916
47917
47918
47920
47921
47922
47924
47925
47927
47928
47943
47944
47951
47953
47954
47956
47957
47958
47960
47972
47975
47978
47979
47980
47984
47985
47986
47999
48000
48002
48004
48005
48006
48009
48011
48012
48013
48020
48021
48022
48025
48028
48031
48032
48033
48034
48041
48046
48047
48048
48050
48053
48056
48057
48058
48061
48067
48068
48072
48073
48074
48075
48077
48086
48087
48088
48089
48092
48095
48100
48101
48104
48105
48106
48107
48108
48109
48110
48112
48113
48117
48118
48120
48122
48125
48127
48131
48133
48135
48136
48140
48141
48142
48145
48146
48149
48154
48156
48157
48159
48162
48163
48166
48167
48168
48175
48181
48184
48185
48196
48197
48199
48203
48206
48212
48214
48217
48221
48226
48228
48231
48247
48255
48262
48271
48300
48307
48338
48466
48485
48488
48492
48495
48496
48499
48502
48510
48512
48513
48517
48521
48522
48526
48529
48530
48532
48533
48535
48537
48538
48540
48543
48553
48556
48558
48559
48562
48563
48566
48569
48573
48574
48582
48585
48590
48593
48597
48598
48599
48605
48608
48609
48613
48614
48617
48618
48619
48620
48621
48630
48637
48643
48647
48655
48660
48662
48664
48669
48670
48674
48675
48677
48680
48682
48694
48699
48705
48706
48715
48717
48719
48723
48724
48725
48731
48734
48739
48740
48741
48742
48743
48745
48748
48755
48757
48764
48765
48766
48768
48772
48773
48775
48784
48785
48786
48797
48800
48804
48805
48821
48827
48829
48832
48834
48835
48840
48844
48849
48852
48863
48866
48867
48868
48870
48876
48877
48882
48887
48888
48889
48898
48905
48909
48910
48911
48914
48915
48918
48919
48920
48921
48928
48929
48933
48935
48936
48937
48941
48943
48945
48950
48951
48952
48953
48957
48958
48964
48967
48968
48973
48976
48977
48978
48980
48984
48987
48989
48992
48994
48996
48999
49003
49007
49010
49011
49015
49017
49020
49029
49032
49034
49037
49039
49041
49043
49044
49047
49050
49052
49055
49061
49062
49069
49071
49072
49073
49075
49076
49078
49079
49080
49083
49087
49091
49092
49096
49100
49105
49106
49111
49112
49115
49118
49119
49121
49122
49123
49124
49125
49132
49133
49134
49136
49137
49138
49141
49149
49150
49158
49159
49162
49165
49171
49181
49190
49191
49193
49194
49195
49196
49209
49222
49224
49236
49243
49263
49267
49349
49407
49447
49451
49455
49459
49460
49461
49462
49465
49466
49468
49469
49470
49471
49473
49476
49477
49479
49480
49485
49488
49489
49496
49497
49498
49499
49501
49502
49504
49506
49515
49519
49520
49521
49526
49528
49534
49537
49539
49540
49547
49549
49551
49553
49555
49557
49561
49563
49567
49568
49572
49575
49577
49583
49585
49590
49596
49602
49603
49604
49606
49607
49609
49610
49613
49614
49615
49618
49622
49623
49629
49632
49634
49642
49645
49646
49647
49653
49654
49660
49661
49667
49670
49673
49678
49681
49689
49690
49691
49699
49700
49702
49709
49712
49713
49715
49721
49723
49724
49725
49726
49729
49730
49736
49746
49752
49753
49758
49760
49774
49796
49799
49800
49801
49805
49806
49807
49809
49810
49811
49812
49813
49814
49815
49816
49821
49822
49829
49831
49840
49842
49846
49847
49848
49849
49850
49851
49852
49857
49858
49859
49860
49863
49866
49867
49869
49870
49871
49872
49885
49888
49890
49897
49899
49908
49910
49912
49922
49925
49927
49928
49933
49935
49939
49942
49943
49944
49947
49948
49949
49950
49952
49953
49956
49958
49961
49962
49963
49966
49967
49968
49970
49971
49972
49973
49974
49975
49977
49979
49980
49981
49982
49983
49984
49986
49988
49989
49991
49992
49994
50001
50002
50005
50006
50007
50008
50012
50014
50019
50022
50025
50026
50027
50028
50030
50035
50036
50042
50044
50046
50048
50052
50054
50058
50059
50060
50063
50065
50067
50068
50069
50070
50072
50073
50074
50075
50079
50082
50083
50085
50086
50088
50090
50092
50094
50095
50098
50104
50106
50107
50109
50117
50121
50123
50124
50126
50127
50131
50132
50133
50134
50136
50142
50144
50152
50159
50161
50162
50164
50185
50188
50225
50261
50314
50355
50404
50410
50414
50417
50420
50422
50423
50430
50433
50434
50441
50444
50453
50456
50457
50459
50460
50463
50465
50467
50473
50476
50477
50478
50479
50481
50485
50489
50493
50498
50501
50507
50509
50515
50517
50519
50521
50524
50527
50530
50534
50535
50536
50540
50546
50555
50556
50563
50564
50569
50570
50573
50578
50580
50583
50590
50593
50595
50597
50600
50603
50606
50608
50612
50613
50616
50620
50622
50623
50624
50626
50627
50633
50636
50637
50639
50645
50649
50655
50659
50661
50663
50667
50669
50673
50674
50676
50677
50678
50682
50684
50685
50687
50690
50692
50693
50694
50695
50699
50703
50708
50709
50711
50714
50718
50720
50724
50725
50726
50727
50729
50731
50736
50739
50741
50743
50745
50747
50752
50754
50756
50757
50758
50760
50761
50762
50763
50766
50767
50768
50771
50775
50776
50778
50779
50780
50782
50783
50784
50786
50790
50793
50794
50796
50799
50800
50802
50803
50805
50807
50812
50813
50814
50815
50819
50822
50826
50829
50831
50832
50837
50838
50839
50840
50841
50843
50844
50846
50850
50853
50855
50862
50865
50867
50868
50869
50871
50873
50874
50878
50880
50881
50884
50887
50889
50890
50892
50894
50896
50897
50900
50902
50903
50905
50910
50911
50913
50916
50926
50927
50928
50931
50932
50933
50935
50936
50937
50939
50940
50941
50943
50945
50946
50948
50949
50950
50951
50952
50957
50964
50966
50970
50972
50976
50977
50979
50980
50981
50982
50985
50990
50991
50994
50995
50999
51000
51001
51003
51006
51007
51008
51010
51011
51016
51017
51026
51030
51034
51039
51040
51053
51058
51063
51065
51068
51069
51071
51074
51075
51076
51084
51086
51098
51100
51101
51106
51113
51135
51194
51337
51361
51365
51371
51375
51376
51382
51385
51387
51400
51401
51402
51403
51405
51407
51410
51411
51414
51417
51418
51419
51423
51424
51425
51427
51430
51431
51434
51438
51442
51446
51447
51448
51453
51456
51482
51483
51485
51490
51491
51494
51498
51505
51506
51508
51509
51510
51515
51521
51522
51523
51526
51527
51528
51535
51538
51539
51541
51542
51545
51546
51550
51557
51559
51561
51565
51566
51568
51574
51579
51581
51584
51586
51591
51597
51605
51617
51622
51629
51647
51729
51730
51731
51733
51740
51742
51744
51750
51751
51773
51792
51820
51823
51824
51825
51839
51842
51880
51888
51891
51893
51899
51900
51902
51904
51905
51907
51909
51912
51914
51915
51917
51918
51919
51920
51922
51923
51924
51930
51931
51933
51940
51941
51945
51946
51949
51950
51951
51956
51970
51981
51982
51987
51988
51989
51995
51996
52001
52005
52007
52008
52011
52013
52016
52019
52023
52025
52037
52038
52041
52043
52047
52057
52059
52062
52063
52066
52070
52071
52076
52077
52078
52080
52081
52087
52088
52090
52095
52102
52104
52106
52107
52111
52113
52114
52118
52121
52122
52126
52127
52128
52130
52134
52136
52143
52146
52153
52158
52164
52168
52175
52177
52179
52181
52183
52184
52195
52197
52199
52203
52206
52207
52208
52209
52210
52213
52217
52223
52226
52228
52232
52233
52234
52237
52238
52240
52241
52243
52244
52251
52254
52259
52261
52263
52266
52269
52272
52273
52274
52280
52281
52284
52286
52287
52289
52291
52295
52298
52300
52301
52305
52306
52307
52308
52309
52310
52311
52315
52316
52318
52319
52321
52322
52326
52331
52333
52336
52338
52346
52351
52352
52353
52359
52361
52369
52375
52376
52381
52383
52388
52392
52393
52397
52403
52407
52408
52410
52411
52412
52413
52421
52422
52423
52424
52425
52431
52434
52437
52440
52441
52442
52444
52445
52446
52447
52449
52453
52454
52455
52456
52464
52472
52473
52477
52479
52480
52482
52484
52486
52489
52494
52498
52500
52502
52503
52505
52510
52511
52512
52514
52515
52519
52524
52525
52526
52528
52531
52535
52538
52539
52543
52546
52560
52563
52571
52581
52585
52586
52591
52594
52610
52724
52820
52840
52841
52843
52845
52849
52850
52851
52852
52856
52857
52859
52864
52868
52869
52870
52875
52878
52880
52886
52888
52889
52891
52892
52893
52895
52898
52902
52909
52910
52913
52915
52916
52927
52931
52935
52941
52944
52951
52952
52968
52969
52975
52977
52979
52980
52982
52988
52989
52991
52998
53000
53002
53003
53004
53008
53009
53012
53017
53020
53023
53027
53036
53037
53039
53041
53042
53043
53047
53054
53059
53061
53066
53069
53070
53077
53080
53083
53090
53095
53099
53101
53102
53104
53115
53122
53135
53155
53158
53160
53161
53163
53165
53166
53167
53170
53171
53172
53180
53182
53184
53185
53186
53191
53201
53207
53208
53211
53212
53213
53215
53216
53217
53218
53219
53223
53225
53229
53233
53234
53236
53239
53240
53244
53246
53247
53249
53250
53251
53253
53256
53258
53259
53261
53262
53263
53267
53268
53270
53277
53284
53287
53288
53289
53291
53294
53295
53301
53304
53309
53311
53316
53322
53325
53326
53327
53331
53334
53335
53340
53341
53342
53343
53345
53346
53349
53353
53356
53357
53360
53361
53364
53367
53371
53373
53375
53376
53377
53378
53379
53381
53391
53394
53396
53397
53405
53406
53409
53411
53412
53414
53415
53417
53418
53419
53420
53422
53424
53426
53428
53429
53432
53434
53439
53443
53444
53445
53449
53454
53457
53461
53462
53463
53464
53465
53466
53470
53471
53478
53480
53481
53483
53486
53487
53490
53492
53495
53496
53498
53499
53502
53503
53505
53510
53511
53512
53513
53514
53517
53520
53528
53529
53530
53532
53534
53538
53539
53540
53543
53546
53547
53550
53553
53554
53561
53572
53580
53587
53594
53605
53616
53624
53636
53747
53796
53848
53854
53857
53859
53863
53864
53869
53877
53878
53888
53892
53893
53895
53896
53898
53901
53902
53904
53905
53908
53911
53912
53914
53919
53920
53921
53922
53926
53931
53933
53940
53941
53942
53957
53958
53961
53968
53970
53976
53982
53985
53986
53987
53988
53990
53994
53995
54005
54010
54015
54018
54023
54027
54030
54031
54036
54038
54041
54042
54043
54045
54048
54054
54065
54081
54082
54089
54090
54092
54096
54097
54098
54100
54105
54109
54116
54119
54128
54129
54132
54135
54136
54141
54143
54149
54151
54163
54164
54167
54179
54181
54182
54185
54190
54192
54193
54195
54197
54203
54205
54208
54209
54212
54213
54214
54217
54224
54225
54229
54232
54234
54236
54238
54248
54249
54250
54253
54255
54256
54261
54265
54268
54269
54270
54271
54280
54281
54283
54286
54288
54290
54298
54301
54304
54309
54310
54311
54314
54316
54322
54323
54324
54327
54331
54335
54336
54338
54342
54348
54349
54355
54356
54357
54358
54359
54360
54367
54369
54373
54375
54382
54384
54388
54391
54399
54400
54402
54403
54404
54405
54407
54408
54410
54411
54413
54414
54415
54418
54421
54422
54423
54424
54425
54427
54431
54434
54438
54439
54440
54442
54443
54446
54447
54450
54452
54453
54455
54456
54458
54459
54460
54461
54465
54468
54469
54470
54475
54477
54479
54482
54491
54494
54496
54498
54499
54500
54505
54507
54508
54510
54519
54520
54521
54523
54524
54527
54529
54530
54532
54536
54540
54543
54546
54550
54554
54556
54566
54570
54571
54572
54573
54578
54579
54584
54593
54598
54601
54607
54631
54658
54798
54803
54808
54811
54812
54814
54815
54820
54825
54826
54827
54830
54840
54844
54845
54847
54855
54856
54857
54868
54869
54871
54872
54873
54876
54879
54881
54882
54884
54890
54892
54894
54899
54901
54904
54912
54913
54920
54921
54927
54928
54933
54935
54936
54937
54943
54948
54952
54956
54958
54959
54962
54963
54965
54967
54968
54970
54971
54974
54980
54981
54982
54983
54986
54987
54989
54991
54992
54993
54999
55000
55001
55002
55004
55007
55011
55017
55021
55022
55026
55027
55028
55030
55031
55033
55035
55036
55037
55041
55042
55044
55045
55047
55048
55050
55051
55052
55053
55056
55059
55061
55067
55069
55071
55072
55073
55077
55078
55079
55081
55083
55084
55088
55093
55096
55097
55098
55100
55101
55102
55104
55105
55107
55109
55110
55113
55115
55117
55118
55119
55120
55123
55129
55132
55133
55134
55135
55148
55150
55151
55153
55156
55161
55162
55168
55170
55173
55174
55177
55179
55183
55185
55186
55187
55189
55194
55200
55203
55204
55209
55210
55211
55212
55217
55220
55221
55223
55225
55226
55227
55229
55230
55232
55234
55235
55238
55242
55244
55245
55246
55248
55250
55251
55253
55254
55255
55257
55259
55261
55265
55268
55269
55273
55275
55276
55277
55281
55285
55286
55289
55292
55293
55294
55295
55296
55297
55298
55301
55303
55311
55319
55325
55326
55327
55329
55332
55333
55335
55338
55341
55344
55345
55347
55349
55355
55356
55357
55359
55361
55362
55364
55366
55368
55369
55371
55372
55373
55376
55378
55379
55384
55387
55388
55389
55397
55398
55401
55403
55404
55408
55409
55411
55414
55418
55419
55423
55425
55426
55427
55438
55442
55445
55446
55447
55450
55453
55455
55456
55457
55458
55460
55462
55463
55464
55465
55466
55468
55469
55475
55476
55477
55488
55489
55490
55494
55496
55498
55500
55502
55504
55507
55509
55510
55511
55513
55516
55517
55530
55532
55534
55535
55540
55542
55543
55544
55552
55554
55563
55566
55567
55570
55571
55574
55575
55580
55588
55592
55594
55602
55607
55611
55631
55654
55655
55686
55690
55847
55850
55857
55863
55868
55870
55871
55873
55874
55884
55887
55890
55891
55893
55894
55895
55899
55900
55902
55904
55906
55907
55908
55909
55910
55918
55920
55922
55924
55927
55931
55933
55937
55939
55940
55941
55943
55945
55946
55947
55951
55952
55953
55957
55958
55960
55962
55963
55965
55966
55968
55969
55970
55972
55978
55984
55985
55988
55992
55993
55994
55995
55998
55999
56009
56013
56015
56018
56019
56036
56037
56040
56041
56043
56044
56046
56056
56061
56062
56063
56065
56066
56075
56077
56079
56081
56082
56083
56084
56086
56087
56095
56097
56103
56112
56113
56116
56118
56120
56121
56128
56132
56133
56140
56142
56145
56146
56148
56151
56152
56157
56158
56163
56165
56166
56167
56174
56175
56182
56183
56184
56199
56200
56204
56205
56207
56210
56213
56214
56216
56218
56221
56223
56224
56226
56229
56230
56231
56236
56243
56246
56247
56248
56250
56251
56258
56266
56267
56268
56270
56273
56275
56276
56277
56278
56280
56284
56285
56286
56287
56288
56289
56290
56291
56292
56297
56299
56301
56308
56309
56311
56314
56316
56317
56319
56326
56331
56332
56336
56340
56341
56343
56344
56346
56355
56359
56363
56368
56372
56373
56376
56381
56382
56383
56384
56385
56389
56390
56393
56396
56400
56401
56403
56404
56405
56414
56416
56419
56420
56422
56423
56425
56428
56429
56433
56435
56438
56440
56442
56444
56445
56448
56453
56463
56466
56468
56469
56472
56473
56474
56475
56478
56483
56487
56490
56493
56494
56495
56496
56500
56506
56510
56511
56512
56517
56518
56522
56524
56527
56528
56529
56543
56545
56546
56547
56556
56558
56559
56561
56563
56564
56565
56567
56568
56571
56576
56579
56580
56581
56583
56585
56586
56588
56589
56593
56594
56602
56608
56609
56611
56612
56614
56616
56617
56618
56620
56621
56625
56629
56631
56634
56635
56636
56640
56641
56642
56644
56645
56646
56649
56654
56655
56656
56659
56667
56668
56669
56671
56672
56676
56679
56680
56687
56697
56704
56712
56758
56795
56947
56972
56988
56990
56993
57006
57017
57018
57023
57027
57028
57031
57040
57047
57048
57049
57066
57069
57070
57089
57090
57091
57094
57095
57104
57106
57117
57126
57128
57130
57131
57132
57136
57144
57146
57148
57150
57154
57155
57186
57187
57197
57199
57201
57211
57212
57215
57220
57221
57223
57225
57226
57236
57248
57262
57266
57269
57273
57275
57277
57278
57280
57282
57294
57296
57304
57309
57317
57332
57337
57339
57343
57346
57350
57353
57358
57362
57365
57367
57372
57378
57380
57382
57383
57387
57390
57407
57408
57409
57414
57423
57426
57428
57430
57432
57433
57434
57435
57436
57437
57440
57441
57448
57450
57456
57460
57462
57467
57485
57486
57489
57493
57500
57501
57504
57509
57517
57518
57522
57525
57527
57538
57544
57545
57553
57555
57556
57561
57563
57565
57570
57572
57580
57581
57589
57602
57604
57605
57606
57608
57611
57613
57618
57625
57636
57649
57653
57665
57669
57670
57671
57672
57673
57680
57685
57686
57691
57692
57700
57706
57707
57708
57709
57711
57720
57726
57729
57735
57736
57744
57750
57754
57757
57764
57767
57768
57769
57772
57775
57776
57777
57791
57796
57805
57807
57811
57812
57816
57827
57830
57836
57853
57871
57876
57879
57880
57884
57892
57919
57922
58004
58055
58056
58165
58198
58207
58213
58215
58216
58218
58222
58226
58227
58232
58235
58240
58241
58246
58252
58259
58262
58266
58267
58270
58279
58285
58294
58295
58297
58298
58321
58322
58323
58346
58349
58359
58363
58376
58377
58383
58388
58392
58395
58396
58399
58400
58402
58405
58407
58409
58413
58418
58421
58424
58426
58438
58443
58446
58447
58453
58456
58463
58466
58481
58485
58490
58503
58507
58517
58526
58543
58546
58550
58554
58558
58560
58567
58578
58590
58591
58595
58596
58602
58606
58607
58609
58623
58629
58653
58664
58666
58667
58671
58678
58681
58682
58698
58705
58706
58716
58717
58726
58734
58743
58748
58749
58756
58762
58771
58785
58793
58797
58803
58822
58852
58857
58858
58876
58917
59134
59138
59143
59145
59146
59148
59154
59156
59165
59167
59173
59174
59177
59184
59188
59189
59191
59195
59202
59203
59206
59207
59208
59214
59215
59216
59225
59227
59232
59234
59235
59236
59237
59239
59241
59243
59245
59248
59249
59251
59252
59254
59255
59256
59257
59258
59259
59261
59262
59266
59268
59269
59273
59274
59276
59278
59282
59284
59286
59288
59291
59302
59307
59319
59320
59321
59323
59327
59329
59330
59333
59343
59348
59349
59350
59351
59359
59362
59367
59370
59371
59372
59373
59374
59376
59380
59382
59386
59387
59393
59394
59397
59400
59405
59407
59409
59410
59415
59417
59422
59426
59427
59431
59432
59434
59435
59439
59444
59445
59446
59447
59448
59452
59457
59459
59461
59463
59464
59465
59472
59473
59474
59475
59479
59482
59483
59484
59485
59486
59490
59492
59493
59494
59496
59500
59501
59503
59508
59509
59510
59512
59513
59515
59518
59521
59522
59523
59525
59528
59532
59538
59539
59541
59543
59547
59550
59551
59558
59559
59562
59563
59564
59565
59566
59567
59568
59569
59570
59574
59575
59576
59577
59579
59580
59582
59583
59588
59589
59591
59593
59594
59595
59597
59598
59599
59600
59607
59608
59609
59610
59612
59615
59617
59620
59623
59624
59625
59630
59632
59635
59636
59637
59638
59640
59641
59642
59643
59646
59649
59652
59655
59656
59658
59660
59667
59669
59671
59672
59674
59680
59682
59698
59701
59709
59776
59854
59855
59859
59860
59861
59864
59865
59872
59873
59875
59876
59877
59878
59882
59883
59885
59887
59889
59890
59896
59897
59899
59901
59902
59903
59905
59906
59910
59911
59912
59919
59922
59930
59931
59932
59935
59936
59938
59943
59946
59947
59955
59956
59957
59959
59960
59965
59967
59968
59975
59977
59978
59981
59982
59990
59991
59996
59998
60004
60007
60012
60015
60017
60019
60021
60022
60028
60029
60031
60032
60041
60044
60045
60048
60051
60053
60054
60059
60061
60063
60067
60069
60071
60075
60077
60078
60081
60084
60087
60088
60094
60100
60101
60102
60103
60104
60105
60108
60109
60111
60113
60116
60117
60124
60126
60127
60132
60135
60136
60140
60141
60149
60150
60151
60153
60155
60156
60157
60158
60162
60173
60174
60176
60177
60178
60179
60180
60181
60182
60183
60184
60186
60190
60198
60201
60202
60203
60207
60209
60211
60212
60213
60216
60217
60218
60220
60222
60224
60225
60227
60228
60229
60230
60231
60233
60234
60235
60237
60239
60240
60241
60242
60243
60249
60250
60252
60254
60255
60256
60261
60262
60265
60266
60267
60269
60272
60273
60276
60278
60279
60281
60282
60283
60285
60286
60287
60288
60290
60291
60292
60294
60295
60296
60297
60300
60301
60303
60304
60305
60307
60309
60310
60313
60314
60315
60316
60317
60319
60320
60323
60326
60327
60330
60337
60341
60347
60350
60351
60353
60354
60355
60356
60357
60358
60359
60361
60362
60363
60365
60371
60372
60373
60374
60375
60376
60379
60381
60382
60383
60385
60386
60387
60388
60390
60392
60400
60403
60405
60407
60409
60410
60413
60416
60417
60420
60421
60422
60423
60424
60425
60427
60429
60430
60431
60432
60433
60435
60436
60438
60439
60441
60442
60443
60444
60445
60447
60449
60450
60451
60452
60454
60455
60460
60461
60462
60465
60466
60467
60470
60471
60472
60474
60475
60476
60478
60480
60483
60484
60489
60491
60492
60494
60495
60496
60499
60500
60501
60502
60504
60508
60509
60511
60512
60515
60519
60524
60525
60526
60527
60529
60532
60534
60536
60537
60540
60547
60549
60550
60553
60555
60556
60557
60558
60559
60560
60569
60570
60571
60572
60575
60576
60584
60585
60586
60588
60591
60592
60594
60596
60605
60613
60614
60619
60621
60623
60626
60660
60821
60845
60850
60852
60855
60857
60858
60859
60861
60863
60866
60869
60870
60871
60873
60874
60875
60877
60880
60881
60882
60886
60888
60889
60892
60897
60898
60899
60903
60905
60910
60911
60914
60916
60917
60920
60921
60926
60927
60928
60931
60932
60935
60936
60940
60949
60951
60953
60956
60957
60961
60964
60968
60971
60973
60975
60978
60979
60982
60983
60986
60991
60992
60995
60998
61000
61001
61017
61018
61021
61023
61025
61026
61028
61030
61032
61035
61036
61038
61043
61044
61045
61047
61048
61050
61052
61059
61062
61063
61070
61072
61074
61075
61080
61081
61083
61086
61088
61090
61091
61093
61094
61095
61097
61101
61102
61104
61105
61106
61110
61111
61112
61113
61115
61116
61117
61124
61126
61127
61137
61146
61147
61150
61156
61159
61161
61162
61164
61167
61172
61175
61177
61182
61183
61184
61186
61187
61189
61190
61192
61196
61198
61200
61201
61202
61205
61207
61208
61210
61211
61212
61214
61215
61217
61223
61224
61226
61227
61229
61230
61231
61237
61238
61240
61242
61244
61250
61253
61254
61255
61256
61257
61259
61260
61261
61262
61263
61264
61266
61270
61277
61279
61280
61281
61285
61286
61287
61288
61290
61297
61302
61305
61308
61310
61312
61314
61315
61316
61317
61318
61322
61326
61329
61331
61332
61333
61334
61335
61336
61337
61339
61348
61349
61351
61352
61353
61360
61361
61363
61365
61366
61367
61371
61374
61376
61377
61379
61380
61381
61383
61385
61386
61387
61388
61389
61390
61393
61394
61395
61396
61397
61398
61399
61400
61401
61402
61403
61404
61406
61407
61410
61418
61419
61420
61422
61424
61426
61429
61432
61434
61436
61437
61438
61440
61447
61448
61449
61450
61453
61458
61460
61461
61462
61463
61465
61466
61469
61471
61472
61473
61478
61482
61483
61485
61486
61487
61488
61489
61491
61492
61494
61497
61499
61501
61502
61504
61505
61509
61511
61512
61514
61515
61518
61519
61522
61523
61524
61525
61526
61528
61529
61530
61534
61535
61537
61538
61541
61543
61549
61551
61552
61553
61554
61556
61559
61563
61568
61570
61571
61575
61582
61585
61587
61589
61591
61593
61595
61603
61604
61605
61607
61610
61618
61629
61634
61646
61669
61741
61836
61841
61843
61846
61848
61850
61858
61861
61867
61868
61870
61871
61872
61873
61876
61879
61880
61881
61886
61890
61891
61892
61894
61895
61896
61897
61898
61902
61903
61906
61908
61909
61914
61915
61928
61931
61933
61938
61940
61941
61942
61944
61946
61947
61949
61950
61951
61952
61954
61956
61959
61963
61967
61968
61969
61973
61975
61976
61977
61978
61983
61984
61991
61992
62000
62002
62004
62006
62010
62012
62014
62020
62024
62031
62032
62035
62036
62040
62043
62045
62046
62049
62051
62055
62056
62059
62060
62067
62071
62072
62077
62080
62084
62085
62090
62094
62096
62097
62098
62099
62101
62106
62109
62110
62112
62114
62116
62117
62119
62122
62124
62127
62129
62132
62136
62147
62149
62150
62154
62155
62156
62158
62159
62160
62164
62165
62167
62169
62171
62175
62178
62189
62190
62191
62192
62193
62195
62198
62200
62201
62205
62207
62208
62210
62211
62214
62215
62218
62219
62220
62221
62223
62227
62231
62232
62235
62236
62238
62246
62247
62248
62251
62252
62253
62256
62258
62261
62263
62264
62266
62267
62268
62271
62272
62273
62276
62277
62278
62279
62288
62295
62296
62297
62302
62303
62304
62307
62308
62309
62310
62311
62313
62314
62319
62321
62322
62326
62327
62328
62329
62330
62332
62335
62338
62339
62340
62341
62344
62347
62348
62349
62351
62353
62360
62362
62363
62364
62367
62368
62370
62373
62374
62375
62376
62378
62379
62384
62385
62389
62391
62392
62394
62395
62397
62400
62405
62406
62408
62410
62411
62413
62414
62415
62419
62420
62423
62425
62426
62427
62430
62432
62439
62446
62447
62449
62450
62451
62452
62453
62458
62460
62462
62466
62467
62472
62474
62475
62476
62477
62480
62483
62486
62489
62490
62492
62493
62496
62499
62501
62502
62503
62509
62511
62512
62513
62516
62517
62518
62519
62521
62524
62530
62531
62532
62538
62539
62541
62549
62550
62552
62553
62558
62560
62561
62563
62566
62568
62571
62574
62575
62579
62581
62587
62596
62597
62600
62603
62605
62607
62610
62611
62735
62794
62827
62842
62845
62847
62850
62852
62858
62865
62871
62880
62882
62888
62894
62895
62896
62897
62900
62901
62904
62909
62910
62915
62922
62925
62930
62933
62934
62935
62942
62945
62947
62950
62951
62969
62972
62974
62977
62981
62984
62987
62990
62991
62994
62995
62998
63001
63010
63012
63014
63015
63016
63020
63022
63023
63028
63037
63041
63043
63049
63051
63053
63054
63055
63061
63062
63063
63065
63067
63070
63073
63074
63075
63082
63083
63084
63086
63088
63091
63094
63095
63096
63097
63098
63099
63101
63102
63108
63110
63114
63116
63117
63124
63125
63132
63133
63137
63139
63142
63143
63146
63147
63152
63154
63156
63158
63163
63170
63172
63175
63181
63182
63187
63192
63193
63194
63197
63199
63205
63208
63212
63217
63218
63222
63231
63239
63241
63244
63245
63246
63247
63248
63255
63257
63259
63260
63261
63265
63266
63278
63281
63282
63283
63284
63288
63290
63291
63292
63293
63294
63295
63297
63298
63299
63300
63301
63304
63305
63306
63320
63323
63325
63330
63332
63333
63334
63335
63337
63340
63342
63345
63352
63356
63357
63360
63361
63363
63364
63367
63369
63370
63372
63373
63382
63383
63384
63385
63390
63394
63396
63398
63399
63401
63405
63408
63412
63414
63415
63432
63433
63437
63438
63440
63445
63451
63452
63454
63455
63458
63461
63469
63470
63473
63475
63477
63480
63481
63484
63485
63486
63488
63492
63493
63494
63496
63497
63499
63500
63501
63507
63508
63509
63510
63512
63514
63515
63521
63523
63529
63532
63538
63541
63542
63544
63545
63547
63549
63551
63552
63555
63556
63557
63558
63560
63561
63563
63575
63580
63593
63595
63596
63600
63615
63637
63643
63659
63673
63823
63865
63874
63876
63885
63888
63892
63897
63898
63899
63901
63902
63903
63905
63909
63910
63920
63921
63922
63923
63934
63936
63937
63941
63943
63944
63949
63952
63961
63962
63967
63969
63974
63975
63977
63991
64001
64006
64007
64018
64021
64023
64031
64032
64037
64041
64042
64043
64051
64064
64066
64067
64072
64073
64078
64079
64080
64081
64084
64087
64091
64092
64097
64098
64099
64100
64105
64106
64107
64110
64112
64113
64122
64123
64126
64127
64128
64131
64135
64138
64145
64147
64148
64171
64172
64179
64183
64186
64193
64194
64201
64206
64208
64209
64212
64217
64218
64220
64230
64233
64240
64242
64245
64254
64257
64258
64259
64263
64264
64265
64266
64269
64274
64275
64281
64283
64290
64291
64293
64294
64295
64296
64303
64305
64306
64314
64315
64318
64320
64321
64325
64327
64329
64331
64333
64335
64338
64342
64343
64351
64355
64356
64357
64360
64361
64362
64363
64365
64369
64372
64376
64379
64380
64382
64394
64396
64398
64399
64403
64404
64405
64410
64412
64416
64418
64420
64421
64422
64423
64427
64435
64440
64445
64450
64456
64457
64459
64460
64461
64463
64464
64466
64474
64479
64481
64484
64485
64486
64487
64493
64495
64496
64498
64500
64502
64504
64509
64521
64527
64530
64536
64537
64539
64540
64541
64542
64545
64549
64552
64562
64565
64570
64571
64572
64575
64579
64580
64581
64582
64585
64592
64599
64600
64608
64611
64613
64615
64616
64619
64625
64629
64630
64632
64636
64640
64642
64644
64646
64657
64662
64663
64664
64668
64674
64678
64693
64696
64704
64716
64753
64852
64927
64932
64934
64938
64955
64959
64961
64963
64965
64978
64980
64984
64985
64993
64997
65004
65007
65010
65015
65017
65018
65022
65023
65026
65029
65032
65035
65039
65041
65044
65047
65048
65051
65055
65070
65078
65088
65090
65092
65094
65100
65102
65106
65112
65114
65116
65117
65122
65124
65129
65130
65132
65134
65135
65136
65147
65154
65158
65161
65162
65163
65164
65167
65169
65170
65171
65174
65175
65179
65184
65188
65189
65191
65193
65194
65195
65196
65200
65201
65204
65207
65208
65212
65213
65215
65218
65219
65231
65232
65235
65236
65238
65239
65240
65242
65243
65244
65246
65249
65255
65256
65257
65258
65260
65263
65265
65272
65275
65277
65281
65289
65301
65303
65305
65319
65328
65329
65333
65339
65344
65382
65495
65501
65502
65511
65531
65539
65548
65551
65554
65556
65561
65564
65565
65574
65577
65579
65581
65583
65589
65593
65598
65602
65605
65606
65608
65612
65614
65615
65617
65620
65622
65623
65624
65631
65639
65641
65644
65646
65647
65648
65649
65652
65656
65659
65660
65667
65670
65681
65685
65689
65692
65693
65697
65705
65714
65715
65716
65718
65720
65722
65723
65726
65728
65729
65731
65738
65739
65741
65743
65745
65746
65750
65753
65755
65757
65758
65759
65760
65762
65764
65765
65767
65768
65776
65780
65781
65783
65784
65787
65797
65801
65802
65804
65806
65808
65810
65811
65813
65815
65816
65817
65818
65819
65820
65822
65823
65834
65838
65842
65843
65845
65846
65848
65855
65858
65870
65871
65874
65876
65878
65879
65883
65886
65887
65889
65895
65898
65899
65900
65901
65907
65914
65922
65925
65926
65927
65928
65929
65930
65932
65935
65936
65940
65941
65943
65945
65949
65950
65952
65953
65955
65956
65958
65959
65962
65964
65965
65968
65977
65983
65985
65987
65990
65995
66004
66006
66020
66026
66035
66058
66160
66167
66169
66171
66173
66180
66182
66187
66188
66190
66200
66207
66208
66211
66213
66221
66224
66236
66245
66249
66256
66261
66263
66278
66279
66280
66281
66288
66291
66293
66294
66299
66303
66312
66317
66319
66321
66322
66323
66324
66327
66329
66332
66334
66336
66339
66345
66348
66355
66360
66361
66362
66367
66368
66371
66373
66383
66384
66385
66386
66387
66394
66397
66398
66400
66401
66403
66406
66408
66410
66411
66415
66416
66424
66427
66438
66442
66443
66444
66446
66447
66452
66455
66461
66462
66463
66465
66471
66472
66476
66481
66484
66485
66486
66494
66495
66503
66505
66506
66508
66510
66512
66515
66516
66521
66526
66533
66535
66536
66541
66543
66546
66549
66551
66556
66557
66560
66561
66562
66569
66572
66573
66577
66580
66582
66584
66586
66587
66595
66596
66601
66602
66608
66610
66614
66616
66618
66620
66621
66627
66628
66632
66634
66646
66648
66649
66659
66661
66666
66667
66668
66674
66676
66680
66682
66684
66688
66695
66696
66697
66698
66700
66703
66709
66716
66717
66718
66729
66732
66733
66736
66743
66745
66748
66749
66751
66752
66754
66757
66758
66759
66764
66765
66766
66767
66770
66773
66776
66778
66781
66782
66784
66787
66790
66791
66792
66794
66795
66796
66799
66800
66803
66810
66818
66819
66821
66824
66825
66827
66828
66829
66830
66834
66838
66839
66840
66842
66844
66845
66847
66852
66856
66859
66860
66863
66865
66871
66875
66889
66890
66891
66905
66909
66922
66926
66932
66970
67027
67028
67144
67148
67149
67159
67160
67163
67165
67166
67167
67171
67176
67178
67179
67181
67186
67189
67196
67200
67202
67203
67204
67205
67206
67208
67213
67215
67221
67223
67226
67227
67230
67233
67234
67241
67242
67244
67245
67249
67252
67257
67261
67262
67269
67270
67272
67273
67275
67276
67277
67278
67282
67287
67288
67291
67293
67299
67300
67304
67308
67311
67312
67313
67316
67317
67318
67319
67321
67323
67324
67327
67334
67336
67337
67338
67346
67347
67349
67350
67351
67352
67355
67356
67358
67359
67360
67361
67363
67366
67367
67368
67369
67372
67374
67375
67379
67380
67381
67385
67395
67396
67397
67399
67402
67408
67411
67414
67417
67420
67421
67424
67425
67427
67428
67432
67436
67438
67450
67452
67456
67460
67464
67467
67468
67472
67473
67475
67476
67479
67480
67481
67483
67484
67486
67488
67489
67494
67502
67504
67511
67512
67513
67515
67517
67518
67520
67521
67522
67527
67528
67529
67530
67535
67536
67537
67540
67541
67542
67543
67544
67545
67546
67547
67552
67559
67562
67563
67564
67568
67571
67572
67574
67575
67576
67578
67580
67582
67585
67586
67587
67589
67591
67597
67598
67599
67603
67608
67610
67611
67613
67614
67617
67621
67622
67623
67625
67628
67631
67642
67643
67645
67646
67649
67650
67651
67653
67655
67659
67661
67662
67666
67667
67668
67669
67670
67671
67672
67675
67677
67679
67680
67681
67683
67686
67688
67693
67697
67699
67700
67701
67702
67703
67704
67705
67707
67710
67711
67716
67719
67722
67724
67727
67728
67730
67731
67737
67738
67739
67743
67745
67750
67751
67756
67762
67765
67768
67770
67771
67774
67776
67777
67779
67780
67781
67782
67783
67784
67787
67788
67793
67794
67796
67800
67801
67802
67808
67809
67810
67811
67812
67813
67814
67816
67817
67818
67819
67820
67821
67823
67825
67826
67828
67829
67830
67833
67834
67835
67836
67837
67838
67843
67844
67845
67846
67847
67848
67851
67853
67855
67856
67857
67860
67863
67864
67866
67867
67868
67870
67873
67878
67883
67884
67886
67889
67892
67894
67899
67900
67906
67919
67929
67930
67936
67947
68134
68135
68137
68144
68149
68154
68155
68157
68158
68159
68161
68162
68168
68171
68174
68175
68177
68178
68179
68182
68184
68187
68188
68189
68190
68192
68193
68197
68199
68200
68202
68204
68206
68211
68212
68213
68216
68221
68224
68226
68227
68229
68231
68235
68236
68239
68243
68245
68247
68251
68253
68259
68260
68262
68263
68267
68268
68269
68271
68273
68275
68278
68280
68283
68284
68285
68288
68293
68296
68297
68298
68304
68305
68313
68319
68321
68325
68327
68329
68330
68333
68334
68337
68338
68339
68340
68344
68345
68351
68352
68356
68357
68360
68363
68364
68370
68372
68373
68375
68379
68384
68399
68405
68407
68408
68410
68412
68413
68414
68415
68418
68419
68422
68423
68426
68427
68431
68433
68434
68435
68437
68441
68451
68453
68457
68458
68460
68461
68462
68463
68465
68466
68469
68470
68471
68473
68475
68477
68478
68484
68485
68486
68488
68492
68494
68497
68498
68500
68502
68506
68507
68510
68511
68513
68522
68525
68526
68527
68528
68531
68535
68536
68544
68545
68547
68548
68550
68551
68559
68560
68563
68564
68566
68568
68569
68571
68572
68574
68576
68577
68580
68583
68584
68585
68590
68596
68599
68601
68604
68606
68610
68618
68620
68621
68622
68629
68633
68634
68636
68637
68640
68642
68645
68646
68648
68649
68655
68656
68657
68658
68661
68662
68663
68665
68666
68667
68669
68671
68672
68675
68676
68678
68684
68685
68687
68689
68691
68692
68693
68694
68695
68696
68697
68701
68702
68706
68707
68708
68709
68721
68722
68726
68727
68729
68731
68736
68740
68741
68742
68749
68751
68755
68756
68757
68758
68760
68764
68766
68768
68769
68770
68776
68777
68781
68783
68784
68787
68790
68791
68792
68795
68797
68801
68802
68810
68811
68812
68813
68814
68815
68818
68822
68824
68826
68828
68829
68831
68833
68837
68839
68840
68844
68847
68853
68855
68865
68874
68883
68888
68892
68895
68919
68929
68968
69001
69031
69069
69133
69140
69141
69142
69143
69144
69149
69150
69157
69158
69159
69173
69176
69179
69181
69183
69184
69192
69198
69199
69201
69202
69210
69213
69214
69215
69217
69218
69219
69221
69223
69224
69225
69226
69227
69232
69234
69236
69239
69240
69242
69248
69254
69257
69258
69263
69264
69266
69270
69273
69276
69278
69282
69284
69288
69292
69293
69294
69305
69306
69309
69312
69313
69317
69320
69322
69324
69326
69331
69333
69338
69346
69350
69352
69355
69358
69365
69374
69377
69380
69381
69385
69387
69389
69390
69391
69392
69393
69396
69398
69399
69400
69403
69409
69411
69412
69413
69415
69417
69418
69419
69420
69421
69423
69425
69426
69429
69431
69436
69441
69451
69453
69454
69456
69457
69458
69461
69462
69463
69465
69470
69471
69478
69489
69493
69494
69496
69500
69503
69504
69505
69507
69508
69509
69514
69515
69520
69522
69528
69531
69535
69536
69537
69539
69540
69542
69543
69545
69547
69551
69552
69556
69558
69561
69562
69568
69574
69575
69580
69583
69584
69585
69589
69591
69596
69597
69599
69608
69610
69611
69612
69614
69615
69616
69633
69647
69650
69651
69653
69654
69658
69660
69665
69668
69673
69674
69675
69676
69678
69682
69684
69685
69687
69689
69694
69703
69707
69708
69711
69712
69714
69718
69720
69722
69724
69726
69741
69742
69745
69751
69752
69753
69758
69772
69776
69960
69968
69973
69975
69980
69984
69989
69991
69994
69995
69997
69999
70011
70012
70014
70018
70022
70024
70027
70034
70046
70049
70051
