1223
2500
4126
4701
5018
5056
5139
5141
5150
5151
5157
5185
5194
5200
5205
5211
5212
5217
5218
5223
5227
5230
5232
5233
5234
5249
5253
5256
5258
5259
5260
5272
5275
5277
5279
5291
5292
5295
5297
5303
5306
5316
5318
5322
5325
5336
5340
5343
5345
5353
5359
5361
5480
5486
5487
5491
5493
5501
5511
5542
5551
5552
5561
5563
5586
5590
5597
5619
5620
5621
5626
5630
5633
5639
5657
5660
5667
5669
5677
5697
5699
5700
5703
5709
5743
5749
5751
5755
5758
5764
5765
5790
5805
5808
5817
5819
5844
5852
5853
5855
5863
5889
5904
5928
5977
5981
5991
6090
6137
7553
8573
8655
10772
11486
14833
14955
15360
15494
15495
15496
15497
15500
15502
15508
15510
15511
15513
15514
15515
15522
15524
15525
15527
15529
15530
15534
15536
15537
15538
15539
15540
15542
15543
15545
15546
15547
15548
15550
15551
15552
15553
15556
15557
15560
15565
15566
15571
15573
15575
15576
15580
15584
15585
15586
15587
15591
15597
15600
15601
15602
15604
15605
15610
15611
15618
15619
15621
15622
15626
15627
15628
15629
15630
15633
15635
15637
15638
15639
15649
15650
15653
15654
15657
15665
15666
15667
15669
15670
15673
15674
15675
15677
15678
15679
15680
15683
15686
15687
15689
15693
15694
15695
15703
15715
15725
15726
15727
15729
15731
15733
15735
15743
15744
15745
15747
15748
15749
15750
15751
15754
15760
15765
15767
15770
15771
15774
15777
15781
15782
15790
15792
15793
15795
15796
15797
15799
15804
15810
15811
15819
15823
15825
15837
16003
16004
16006
16007
16008
16009
16010
16011
16012
16016
16018
16019
16022
16025
16026
16029
16030
16032
16034
16041
16045
16062
16110
16113
16114
16117
16120
16123
16124
16128
16132
16133
16134
16137
16139
16140
16143
16161
16162
16167
16168
16169
16172
16175
16176
16177
16179
16180
16181
16182
16183
16189
16190
16193
16194
16207
16208
16209
16210
16211
16215
16219
16224
16225
16227
16228
16229
16231
16232
16233
16234
16235
16236
16254
16256
16257
16260
16262
16263
16264
16266
16267
16268
16270
16272
16273
16281
16300
16302
16303
16304
16305
16306
16307
16308
16310
16312
16313
16314
16315
16317
16318
16319
16320
16322
16323
16324
16327
16351
16352
16353
16354
16355
16359
16360
16361
16363
16365
16366
16369
16372
16376
16378
16401
16402
16403
16404
16405
16406
16407
16410
16412
16413
16414
16418
16420
16422
16423
16424
16425
16426
16427
16428
16431
16456
16459
16460
16461
16462
16463
16466
16472
16473
16480
16503
16504
16505
16507
16508
16509
16511
16533
16534
16544
16546
16549
16553
16581
16590
16595
16596
16601
16619
16620
16643
16678
16710
16711
16753
16766
16799
16866
16868
16874
16880
16885
16891
16893
16895
16898
16901
16906
16908
16910
16914
16916
16919
16920
16922
16924
16925
16928
16929
16930
16932
16934
16936
16938
16939
16941
16942
16947
16948
16950
16951
16955
16957
16960
16963
16964
16966
16970
16973
16974
16975
16978
16982
16985
16986
16989
16992
16993
16994
16995
16997
16998
16999
17002
17005
17006
17007
17009
17010
17011
17015
17016
17019
17021
17022
17024
17026
17028
17030
17033
17034
17036
17039
17040
17041
17048
17050
17051
17052
17054
17055
17056
17059
17060
17061
17064
17067
17069
17072
17074
17076
17077
17079
17080
17083
17087
17090
17093
17094
17095
17096
17097
17099
17100
17102
17103
17104
17105
17106
17108
17111
17112
17115
17118
17119
17124
17125
17126
17127
17130
17132
17133
17134
17135
17136
17137
17139
17142
17144
17145
17149
17150
17152
17156
17157
17158
17159
17160
17162
17165
17166
17168
17172
17175
17183
17185
17187
17188
17189
17195
17196
17198
17199
17203
17206
17208
17210
17226
17257
17260
17262
17269
17272
17274
17276
17277
17282
17286
17289
17291
17292
17295
17296
17297
17299
17300
17301
17302
17303
17304
17305
17306
17308
17309
17311
17312
17313
17327
17330
17332
17333
17339
17340
17342
17343
17344
17345
17346
17347
17353
17354
17355
17356
17359
17361
17362
17369
17370
17371
17373
17374
17375
17377
17379
17380
17381
17383
17384
17386
17387
17388
17389
17390
17392
17393
17400
17402
17403
17405
17406
17409
17410
17411
17412
17414
17415
17417
17418
17419
17420
17421
17422
17423
17424
17425
17426
17433
17435
17439
17443
17446
17447
17448
17450
17452
17454
17455
17456
17457
17458
17459
17461
17462
17464
17474
17476
17478
17479
17480
17481
17482
17485
17486
17487
17488
17490
17491
17493
17494
17500
17501
17502
17503
17504
17506
17507
17508
17509
17510
17511
17512
17513
17517
17519
17520
17521
17522
17523
17524
17533
17535
17536
17541
17542
17544
17547
17548
17549
17551
17552
17553
17555
17556
17557
17567
17568
17571
17574
17575
17577
17578
17579
17580
17581
17582
17584
17585
17591
17592
17594
17601
17603
17604
17608
17610
17611
17612
17614
17617
17618
17629
17632
17634
17639
17645
17656
17660
17662
17669
17678
17679
17683
17718
17743
17772
17800
17853
17854
17856
17860
17861
17865
17867
17870
17871
17873
17874
17878
17879
17880
17882
17883
17901
17906
17917
17942
17948
17957
17960
17964
17965
17966
17967
17968
17970
17971
17977
17978
17980
17983
17993
17996
17997
18000
18001
18008
18010
18021
18024
18025
18026
18028
18030
18031
18033
18044
18045
18046
18048
18052
18056
18057
18060
18064
18099
18133
18138
18140
18141
18145
18146
18150
18151
18169
18178
18194
18203
18216
18220
18224
18232
18237
18244
18249
18252
18255
18268
18276
18281
18287
18290
18297
18302
18306
18309
18311
18312
18318
18323
18335
18337
18341
18384
18389
18396
18398
18408
18410
18412
18413
18416
18418
18420
18421
18422
18424
18431
18434
18436
18437
18441
18443
18445
18451
18455
18463
18467
18469
18470
18471
18472
18479
18481
18487
18491
18492
18493
18495
18498
18501
18503
18505
18507
18508
18509
18513
18514
18515
18516
18517
18522
18525
18528
18532
18539
18542
18546
18549
18550
18553
18557
18566
18570
18573
18585
18588
18594
18596
18598
18603
18604
18606
18608
18638
18659
18695
18697
18707
18709
18711
18719
18722
18726
18728
18731
18732
18736
18742
18743
18745
18746
18748
18752
18753
18754
18756
18773
18777
18795
18796
18797
18798
18805
18809
18810
18811
18812
18813
18815
18820
18821
18823
18828
18830
18832
18834
18835
18838
18839
18842
18844
18846
18848
18849
18853
18864
18866
18867
18871
18877
18880
18884
18889
18890
18891
18894
18895
18900
18901
18903
18916
18938
18939
18940
18944
18946
18947
18965
18967
18973
18974
18976
18979
18980
19004
19005
19012
19014
19017
19026
19028
19033
19036
19038
19039
19040
19044
19045
19048
19050
19053
19054
19055
19058
19059
19060
19061
19074
19075
19077
19081
19084
19085
19086
19088
19091
19100
19102
19103
19104
19106
19108
19110
19113
19116
19123
19124
19127
19128
19132
19140
19141
19142
19143
19146
19153
19155
19158
19159
19162
19172
19177
19178
19181
19184
19185
19189
19191
19195
19196
19198
19199
19200
19201
19204
19205
19206
19210
19212
19214
19216
19218
19220
19228
19229
19231
19233
19234
19246
19247
19254
19255
19257
19258
19259
19262
19263
19265
19266
19267
19271
19273
19280
19281
19285
19288
19290
19299
19303
19304
19305
19308
19310
19315
19334
19340
19344
19345
19346
19347
19350
19352
19357
19362
19364
19374
19379
19383
19386
19389
19390
19396
19401
19403
19404
19432
19433
19440
19444
19449
19452
19462
19470
19494
19595
19629
19683
19691
19702
19708
19711
19725
19732
19734
19738
19739
19744
19746
19754
19757
19758
19761
19765
19766
19770
19795
19804
19805
19813
19816
19819
19822
19823
19833
19837
19843
19847
19855
19865
19870
19871
19873
19875
19878
19879
19885
19891
19894
19896
19897
19902
19903
19904
19905
19906
19909
19919
19920
19921
19922
19925
19926
19928
19929
19930
19933
19934
19937
19941
19943
19946
19947
19948
19949
19951
19952
19953
19954
19956
19957
19958
19960
19962
19965
19966
19968
19969
19970
19973
19974
19978
19979
19980
19986
19990
19993
19995
19999
20001
20007
20009
20010
20012
20014
20024
20026
20031
20033
20040
20044
20051
20052
20053
20055
20056
20059
20060
20067
20068
20071
20078
20079
20080
20083
20084
20096
20098
20103
20110
20113
20115
20120
20121
20123
20124
20127
20130
20131
20136
20138
20146
20152
20154
20155
20157
20162
20163
20166
20168
20170
20172
20173
20174
20175
20178
20180
20183
20186
20187
20192
20193
20197
20199
20200
20201
20202
20203
20204
20205
20209
20212
20213
20214
20215
20216
20222
20227
20234
20243
20245
20250
20251
20252
20253
20255
20256
20259
20269
20273
20284
20286
20288
20289
20290
20291
20292
20294
20296
20297
20308
20317
20318
20322
20323
20324
20327
20328
20329
20330
20331
20334
20336
20337
20339
20340
20342
20353
20355
20357
20359
20360
20364
20365
20366
20367
20368
20371
20373
20374
20375
20376
20377
20385
20389
20390
20391
20398
20399
20401
20402
20403
20404
20405
20406
20407
20409
20410
20412
20413
20414
20419
20421
20422
20424
20432
20434
20435
20436
20450
20451
20453
20454
20458
20460
20461
20463
20464
20465
20466
20468
20469
20470
20483
20484
20485
20488
20490
20491
20494
20495
20496
20497
20500
20501
20502
20504
20506
20507
20508
20511
20513
20514
20523
20524
20527
20528
20530
20533
20534
20535
20537
20539
20544
20546
20547
20548
20549
20550
20552
20554
20555
20560
20562
20569
20575
20577
20578
20579
20582
20584
20585
20589
20591
20594
20595
20605
20618
20621
20625
20630
20632
20633
20634
20636
20637
20638
20639
20641
20646
20659
20666
20668
20676
20680
20690
20691
20695
20728
20729
20745
20755
20760
20762
20793
20820
20838
20912
20936
20939
20945
20961
20965
20975
20984
20988
20990
20994
20997
20998
21002
21004
21007
21010
21011
21012
21015
21016
21023
21025
21026
21030
21031
21032
21033
21034
21035
21036
21039
21041
21042
21050
21054
21060
21062
21067
21073
21083
21086
21088
21092
21093
21095
21096
21102
21108
21115
21116
21123
21127
21128
21134
21138
21139
21144
21146
21149
21154
21156
21162
21171
21172
21173
21179
21181
21182
21184
21190
21192
21200
21213
21218
21227
21230
21233
21235
21241
21245
21251
21252
21254
21257
21259
21270
21312
21316
21324
21328
21342
21347
21354
21356
21358
21363
21366
21369
21370
21373
21375
21377
21382
21386
21387
21388
21390
21395
21399
21400
21401
21407
21418
21420
21422
21434
21444
21465
21475
21477
21479
21481
21489
21497
21499
21501
21505
21509
21510
21512
21524
21532
21542
21543
21544
21549
21550
21558
21565
21580
21581
21586
21590
21591
21595
21599
21603
21612
21626
21629
21630
21632
21635
21637
21638
21643
21647
21648
21650
21652
21655
21659
21662
21667
21675
21676
21678
21681
21682
21683
21684
21685
21686
21688
21690
21698
21704
21705
21706
21707
21708
21709
21710
21711
21712
21713
21714
21715
21718
21721
21723
21737
21743
21747
21756
21758
21760
21761
21762
21763
21764
21765
21766
21768
21771
21775
21776
21777
21778
21781
21782
21787
21800
21805
21807
21808
21809
21811
21813
21814
21819
21822
21823
21830
21845
21846
21848
21852
21853
21855
21858
21860
21866
21868
21874
21881
21898
21899
21903
21904
21905
21906
21912
21946
21955
21965
21991
21993
22011
22014
22018
22227
22231
22252
22320
22351
22780
22822
22899
22910
22915
22936
22971
22981
22994
23075
23139
23162
23263
23302
23335
23801
23816
23826
23837
23838
23854
23969
23992
23995
23999
24010
24045
24071
24082
24084
24118
24149
24150
24158
24160
24161
24229
24268
24302
24334
24425
24445
24537
24542
24543
24544
24548
24549
24556
24582
24620
24755
24853
24864
24917
24945
24946
24952
24984
24988
24999
25005
25040
25073
25076
25078
25148
25155
25193
25198
25211
25226
25251
25273
25284
25310
25356
26569
28427
28635
29128
30514
31016
32367
32370
32386
32391
32414
32418
32428
32447
32470
32474
32475
32479
32489
32494
32500
32501
32507
32508
32518
32524
32534
32536
32557
32604
32608
32614
32653
32657
32673
32678
32687
32690
32691
32696
32721
32724
32734
32812
32824
32829
32865
32873
32883
32891
32894
32901
32949
32952
32980
32987
32990
32996
33004
33020
33043
33048
33071
33080
33084
33089
33118
33124
33126
33165
33175
33176
33187
33198
33203
33207
33248
33250
33256
33350
33357
33401
33428
33452
33453
33459
33463
33467
33470
33472
33481
33484
33486
33489
33493
33496
33498
33499
33500
33501
33505
33507
33510
33511
33514
33517
33522
33524
33525
33526
33533
33536
33540
33547
33548
33553
33562
33571
33573
33574
33575
33577
33581
33582
33583
33591
33592
33594
33603
33613
33614
33619
33629
33638
33640
33642
33643
33644
33645
33648
33652
33654
33672
33690
33691
33692
33702
33710
33714
33715
33720
33729
33732
33765
33774
33775
33777
33783
33784
33786
33796
33800
33801
33805
33806
33808
33811
33818
33888
33890
33892
33893
33897
33899
33903
33908
33912
33915
33920
33922
33923
33925
33926
33927
33928
33931
33932
33936
33937
33939
33943
33949
33950
33951
33953
33960
33974
33976
33977
33980
33987
33988
33997
34001
34003
34004
34005
34007
34012
34021
34025
34026
34027
34028
34034
34040
34052
34054
34058
34062
34068
34076
34077
34078
34083
34088
34091
34094
34103
34111
34119
34120
34122
34123
34125
34129
34133
34134
34135
34137
34141
34143
34145
34159
34174
34177
34178
34179
34186
34187
34189
34190
34193
34196
34197
34198
34199
34200
34203
34211
34212
34217
34228
34231
34232
34235
34241
34242
34246
34248
34253
34257
34259
34270
34274
34277
34278
34279
34281
34284
34287
34288
34291
34292
34295
34296
34298
34299
34300
34301
34302
34308
34309
34317
34318
34320
34321
34323
34330
34332
34337
34339
34344
34354
34359
34363
34366
34367
34373
34374
34375
34376
34378
34381
34383
34391
34392
34393
34396
34398
34399
34400
34415
34420
34421
34422
34424
34427
34428
34431
34432
34433
34435
34449
34450
34451
34454
34459
34460
34481
34482
34483
34484
34485
34491
34500
34501
34504
34508
34513
34519
34530
34531
34532
34538
34539
34543
34548
34549
34555
34563
34565
34568
34569
34578
34586
34590
34591
34614
34616
34630
34639
34678
34694
34701
34713
34717
34745
34793
34824
34861
34870
34872
34874
34877
34882
34890
34892
34893
34894
34896
34897
34901
34902
34903
34909
34912
34914
34922
34931
34933
34935
34937
34938
34941
34943
34945
34948
34949
34950
34952
34954
34960
34967
34972
34974
34976
34978
34987
34995
34999
35002
35009
35015
35018
35019
35021
35022
35026
35027
35030
35034
35036
35037
35038
35040
35043
35047
35050
35054
35058
35061
35064
35066
35067
35069
35073
35075
35076
35078
35079
35081
35085
35086
35088
35092
35093
35095
35098
35101
35102
35103
35108
35111
35114
35122
35123
35126
35131
35133
35135
35144
35148
35155
35157
35160
35163
35164
35165
35176
35178
35180
35184
35187
35189
35190
35196
35197
35198
35206
35212
35218
35221
35225
35228
35275
35283
35289
35295
35298
35304
35306
35308
35309
35313
35321
35322
35323
35325
35332
35335
35341
35343
35347
35357
35363
35364
35365
35377
35378
35385
35395
35396
35397
35398
35399
35400
35402
35405
35406
35409
35411
35412
35413
35414
35427
35429
35434
35435
35438
35443
35454
35457
35460
35462
35463
35466
35469
35471
35473
35476
35478
35479
35480
35482
35488
35498
35499
35500
35501
35506
35508
35512
35515
35516
35517
35518
35520
35526
35533
35536
35547
35550
35551
35554
35556
35559
35560
35561
35563
35565
35566
35568
35570
35571
35573
35574
35581
35590
35591
35597
35600
35605
35606
35613
35614
35616
35618
35621
35625
35626
35628
35629
35630
35632
35635
35638
35639
35649
35650
35652
35654
35655
35663
35669
35677
35680
35683
35684
35686
35690
35691
35692
35697
35698
35700
35703
35705
35706
35712
35713
35714
35726
35730
35734
35735
35736
35737
35740
35742
35744
35745
35748
35752
35753
35755
35759
35763
35764
35766
35767
35768
35779
35787
35791
35792
35793
35795
35802
35806
35809
35813
35815
35816
35847
35848
35853
35854
35855
35859
35866
35874
35879
35883
35885
35892
35895
35897
35906
35908
35912
35915
35923
35943
35950
35966
35973
35988
36008
36010
36022
36025
36060
36080
36177
36180
36187
36193
36198
36200
36201
36204
36207
36209
36213
36215
36219
36222
36223
36227
36234
36237
36239
36241
36242
36244
36251
36254
36255
36260
36262
36268
36269
36270
36274
36275
36277
36280
36281
36282
36285
36286
36293
36294
36295
36297
36299
36304
36305
36311
36316
36318
36321
36323
36324
36328
36329
36335
36338
36343
36344
36348
36350
36352
36353
36355
36357
36365
36378
36382
36385
36386
36388
36392
36395
36398
36399
36401
36402
36403
36404
36406
36410
36415
36418
36421
36422
36427
36431
36436
36438
36444
36451
36452
36456
36457
36458
36460
36463
36467
36468
36475
36477
36481
36485
36486
36488
36493
36497
36498
36500
36501
36502
36503
36504
36508
36510
36514
36515
36516
36518
36526
36530
36531
36533
36534
36536
36539
36545
36546
36551
36554
36559
36565
36572
36573
36577
36589
36604
36610
36614
36621
36628
36637
36638
36642
36645
36649
36651
36652
36653
36655
36658
36663
36677
36678
36681
36684
36687
36695
36698
36699
36701
36702
36703
36704
36710
36713
36715
36716
36720
36722
36724
36726
36727
36734
36735
36741
36742
36745
36747
36756
36759
36764
36765
36767
36774
36775
36785
36786
36787
36792
36800
36802
36803
36806
36807
36810
36812
36815
36816
36820
36821
36823
36824
36825
36831
36832
36834
36835
36838
36842
36843
36845
36846
36847
36849
36852
36860
36865
36866
36867
36868
36871
36874
36883
36886
36887
36889
36891
36902
36907
36912
36915
36917
36921
36925
36931
36932
36934
36935
36936
36937
36942
36944
36952
36954
36957
36958
36960
36961
36962
36966
36972
36976
36977
36979
36981
36982
36983
36984
36986
36988
36993
36994
36995
36996
36997
36998
37003
37012
37016
37022
37024
37030
37031
37033
37034
37035
37036
37037
37039
37040
37041
37042
37043
37044
37046
37047
37048
37057
37063
37064
37066
37075
37080
37081
37085
37087
37088
37092
37093
37094
37096
37104
37105
37107
37109
37111
37114
37115
37116
37117
37118
37119
37120
37122
37125
37126
37129
37131
37135
37153
37156
37167
37171
37174
37180
37190
37191
37195
37203
37207
37208
37212
37214
37218
37225
37246
37257
37260
37275
37276
37277
37335
37366
37408
37437
37453
37475
37484
37489
37490
37493
37511
37512
37515
37517
37519
37520
37528
37533
37539
37544
37547
37549
37552
37560
37565
37572
37575
37576
37582
37583
37587
37591
37602
37603
37604
37605
37606
37607
37610
37612
37614
37615
37617
37618
37620
37624
37627
37629
37632
37637
37640
37641
37644
37645
37651
37652
37654
37657
37659
37660
37662
37666
37667
37670
37674
37682
37687
37688
37693
37696
37704
37707
37709
37712
37713
37719
37724
37725
37726
37728
37731
37734
37736
37738
37741
37742
37747
37751
37752
37753
37754
37755
37759
37769
37773
37774
37775
37777
37779
37789
37795
37796
37797
37799
37802
37804
37805
37814
37815
37820
37825
37826
37827
37828
37829
37830
37831
37832
37833
37835
37838
37841
37842
37843
37848
37851
37854
37861
37862
37863
37864
37865
37867
37870
37873
37874
37878
37879
37880
37884
37885
37886
37890
37892
37898
37910
37958
37959
37964
37965
37968
37969
37983
37984
37988
37997
38002
38005
38006
38007
38011
38014
38015
38022
38023
38024
38027
38030
38035
38036
38041
38049
38050
38052
38053
38056
38057
38058
38059
38061
38062
38065
38073
38079
38095
38096
38102
38103
38105
38107
38121
38125
38132
38142
38143
38145
38153
38154
38155
38158
38159
38160
38163
38164
38169
38170
38171
38173
38179
38183
38194
38201
38202
38203
38205
38206
38207
38209
38212
38214
38215
38220
38227
38228
38229
38231
38232
38233
38235
38236
38238
38239
38240
38241
38243
38248
38249
38250
38255
38256
38257
38264
38270
38271
38275
38277
38280
38281
38283
38286
38287
38288
38289
38291
38292
38301
38308
38309
38312
38314
38317
38323
38326
38328
38329
38331
38334
38341
38342
38343
38344
38345
38346
38355
38358
38361
38364
38370
38371
38379
38380
38381
38392
38393
38401
38402
38404
38405
38407
38410
38411
38417
38419
38420
38421
38423
38425
38428
38430
38432
38434
38437
38438
38439
38440
38442
38444
38448
38451
38453
38458
38459
38460
38461
38462
38463
38466
38476
38480
38488
38490
38494
38496
38501
38502
38503
38505
38511
38512
38519
38522
38524
38527
38528
38529
38544
38545
38549
38550
38551
38555
38564
38565
38570
38574
38578
38583
38587
38588
38599
38601
38604
38605
38609
38622
38627
38628
38630
38640
38644
38652
38657
38665
38667
38671
38675
38681
38685
38686
38695
38705
38715
38740
38751
38752
38780
38782
38786
38812
38866
38908
38939
38957
38958
38962
38964
38968
38972
38973
38976
38980
38982
38987
38988
38993
38996
39003
39004
39007
39012
39015
39016
39023
39027
39035
39043
39046
39052
39053
39055
39056
39057
39059
39064
39065
39066
39067
39071
39072
39082
39083
39087
39094
39096
39101
39103
39105
39107
39116
39117
39118
39119
39120
39123
39125
39126
39129
39131
39132
39140
39141
39144
39146
39148
39152
39162
39163
39165
39170
39172
39175
39176
39182
39183
39184
39185
39187
39191
39197
39202
39205
39208
39213
39214
39216
39221
39224
39227
39230
39231
39232
39234
39238
39241
39243
39245
39246
39247
39253
39256
39257
39258
39261
39263
39264
39266
39270
39273
39274
39275
39281
39290
39312
39363
39368
39369
39371
39377
39381
39386
39387
39391
39401
39403
39404
39405
39406
39407
39409
39411
39413
39414
39416
39417
39418
39419
39425
39426
39427
39445
39450
39451
39454
39458
39459
39460
39461
39462
39463
39464
39465
39466
39467
39468
39469
39471
39472
39474
39477
39478
39480
39481
39482
39489
39495
39502
39505
39507
39509
39513
39519
39522
39523
39524
39526
39528
39535
39536
39537
39538
39540
39541
39542
39543
39544
39552
39553
39555
39556
39558
39561
39564
39565
39566
39567
39570
39572
39574
39576
39583
39584
39589
39590
39595
39597
39598
39609
39610
39614
39616
39620
39627
39628
39629
39631
39632
39633
39634
39636
39637
39639
39640
39648
39655
39658
39659
39660
39661
39663
39666
39667
39668
39672
39673
39674
39680
39682
39698
39699
39701
39702
39707
39712
39713
39714
39717
39720
39721
39722
39723
39724
39727
39728
39729
39730
39733
39734
39739
39742
39743
39745
39748
39749
39754
39756
39757
39758
39761
39764
39768
39769
39770
39771
39773
39787
39792
39795
39801
39804
39805
39806
39808
39811
39817
39819
39823
39837
39847
39852
39857
39861
39866
39882
39890
39891
39895
39896
39898
39904
39908
39909
39915
39932
39937
39964
39971
39973
40082
40083
40159
40160
40161
40162
40163
40166
40167
40171
40172
40173
40176
40179
40180
40181
40182
40187
40188
40196
40198
40205
40206
40208
40209
40210
40211
40212
40213
40216
40221
40222
40223
40224
40225
40226
40227
40229
40231
40232
40241
40244
40246
40248
40249
40251
40257
40258
40260
40264
40267
40268
40270
40275
40279
40280
40281
40290
40293
40296
40298
40308
40309
40313
40317
40321
40323
40332
40374
40386
40391
40398
40403
40406
40408
40410
40411
40413
40414
40416
40419
40421
40424
40425
40429
40431
40436
40439
40440
40441
40443
40444
40446
40448
40449
40450
40452
40453
40454
40457
40459
40460
40462
40465
40467
40468
40471
40472
40473
40478
40479
40480
40482
40483
40485
40486
40488
40490
40492
40494
40497
40502
40503
40507
40512
40513
40515
40518
40523
40528
40532
40533
40534
40535
40537
40542
40549
40562
40563
40564
40565
40574
40578
40580
40590
40597
40598
40608
40611
40613
40618
40636
40655
40665
40673
40674
40675
40676
40677
40678
40682
40684
40687
40689
40691
40692
40695
40700
40701
40703
40706
40707
40709
40725
40727
40730
40731
40734
40742
40745
40759
40761
40762
40765
40767
40768
40769
40770
40771
40772
40773
40778
40783
40794
40798
40811
40812
40814
40816
40817
40820
40822
40825
40826
40827
40829
40834
40837
40841
40846
40847
40848
40850
40851
40852
40855
40857
40858
40860
40861
40862
40863
40864
40866
40867
40870
40873
40874
40879
40882
40886
40894
40895
40896
40898
40900
40901
40903
40904
40908
40913
40915
40916
40920
40922
40923
40930
40933
40937
40938
40941
40942
40944
40947
40952
40954
40956
40967
40969
40972
40973
40974
40975
40978
40980
40981
40983
40985
40986
40988
40991
40993
40999
41007
41012
41013
41014
41015
41023
41025
41026
41028
41033
41034
41035
41037
41038
41040
41044
41045
41048
41052
41054
41056
41066
41073
41074
41076
41079
41082
41083
41084
41087
41091
41095
41108
41113
41116
41122
41132
41134
41136
41140
41145
41155
41162
41164
41165
41166
41174
41184
41188
41200
41207
41221
41234
41246
41266
41280
41311
41431
41486
41511
41512
41517
41523
41526
41544
41546
41548
41559
41575
41577
41579
41580
41583
41587
41591
41593
41612
41638
41669
41671
41673
41679
41680
41682
41683
41684
41689
41690
41692
41698
41700
41702
41713
41728
41739
41749
41753
41754
41755
41761
41763
41767
41778
41791
41797
41799
41803
41806
41808
41822
41830
41837
41843
41844
41846
41847
41853
41855
41857
41860
41862
41863
41864
41874
41876
41879
41880
41884
41890
41891
41894
41898
41899
41900
41901
41902
41904
41906
41932
41934
41938
41944
41948
41950
41970
41972
41975
41976
41977
41980
41991
41992
41994
41997
41999
42000
42008
42011
42014
42016
42017
42026
42032
42044
42045
42046
42053
42054
42056
42058
42064
42065
42066
42067
42071
42073
42078
42084
42088
42090
42091
42093
42094
42098
42100
42105
42106
42110
42116
42119
42121
42124
42125
42126
42132
42133
42135
42138
42143
42145
42162
42169
42185
42189
42196
42200
42207
42216
42226
42230
42235
42237
42238
42254
42268
42277
42284
42302
42338
42388
42421
42440
42442
42443
42447
42449
42450
42461
42462
42467
42468
42474
42480
42489
42493
42495
42496
42497
42498
42499
42501
42502
42503
42504
42510
42514
42523
42528
42530
42536
42540
42542
42544
42545
42546
42548
42552
42553
42555
42560
42562
42563
42564
42565
42566
42568
42569
42571
42574
42576
42577
42578
42581
42584
42587
42594
42595
42599
42600
42603
42604
42606
42617
42620
42622
42624
42630
42636
42639
42641
42644
42645
42646
42647
42648
42650
42653
42654
42655
42656
42660
42662
42663
42664
42667
42668
42670
42671
42674
42677
42681
42686
42689
42690
42692
42693
42695
42696
42704
42706
42707
42708
42717
42718
42724
42727
42736
42737
42763
42772
42799
42801
42803
42808
42811
42818
42819
42823
42834
42842
42845
42851
42854
42856
42857
42858
42859
42861
42862
42864
42866
42868
42872
42873
42874
42876
42878
42880
42883
42886
42890
42891
42894
42899
42902
42903
42907
42909
42910
42912
42914
42915
42921
42925
42926
42928
42929
42931
42934
42935
42940
42942
42944
42945
42947
42948
42951
42957
42959
42966
42970
42973
42974
42975
42977
42979
42980
42983
42984
42987
42990
42991
42993
42994
42995
42998
42999
43001
43003
43007
43013
43020
43021
43023
43027
43028
43033
43034
43035
43038
43044
43052
43053
43054
43065
43066
43071
43072
43080
43081
43083
43085
43089
43090
43093
43096
43097
43098
43101
43102
43103
43106
43109
43112
43113
43116
43118
43121
43122
43123
43124
43125
43131
43132
43134
43135
43137
43139
43140
43142
43143
43144
43148
43151
43154
43156
43157
43159
43160
43162
43168
43169
43170
43172
43173
43175
43176
43177
43180
43183
43184
43188
43190
43191
43193
43195
43202
43207
43217
43219
43221
43222
43223
43224
43228
43229
43235
43236
43244
43246
43247
43248
43249
43253
43259
43260
43261
43262
43263
43264
43266
43267
43273
43275
43276
43279
43280
43281
43284
43285
43286
43289
43290
43293
43294
43295
43298
43300
43301
43309
43310
43312
43313
43314
43318
43319
43320
43321
43325
43326
43331
43332
43335
43343
43346
43347
43348
43351
43354
43357
43358
43368
43370
43382
43388
43403
43412
43417
43419
43420
43425
43426
43432
43434
43449
43463
43528
43531
43594
43610
43660
43666
43695
43698
43710
43711
43719
43721
43728
43730
43732
43735
43738
43742
43744
43748
43749
43751
43752
43753
43754
43759
43762
43764
43766
43768
43771
43773
43778
43782
43783
43787
43790
43795
43799
43804
43806
43807
43809
43813
43817
43818
43823
43827
43828
43833
43835
43839
43840
43842
43843
43845
43852
43855
43860
43862
43865
43866
43867
43869
43871
43872
43882
43884
43885
43886
43887
43888
43889
43898
43899
43901
43904
43905
43909
43911
43917
43924
43928
43929
43930
43938
43946
43949
43952
43955
43958
43961
43963
43965
43967
43968
43970
43972
43973
43976
43985
43989
43993
44002
44006
44022
44024
44028
44038
44051
44052
44054
44056
44060
44061
44063
44071
44074
44075
44076
44077
44081
44082
44088
44093
44094
44095
44099
44100
44103
44104
44111
44112
44116
44117
44118
44119
44120
44122
44125
44132
44136
44138
44139
44149
44151
44152
44154
44156
44163
44164
44173
44174
44175
44177
44183
44186
44191
44197
44198
44200
44202
44210
44215
44216
44218
44219
44221
44222
44228
44229
44232
44233
44234
44235
44237
44238
44239
44240
44241
44245
44246
44249
44250
44251
44252
44253
44258
44260
44264
44265
44268
44273
44275
44280
44281
44284
44287
44289
44292
44294
44296
44297
44300
44313
44314
44316
44318
44320
44323
44324
44327
44329
44331
44332
44337
44341
44342
44344
44347
44349
44351
44354
44366
44369
44370
44374
44377
44379
44381
44383
44388
44392
44396
44401
44402
44403
44404
44407
44408
44410
44420
44421
44428
44435
44438
44439
44440
44441
44442
44443
44446
44447
44453
44456
44460
44462
44463
44465
44475
44476
44477
44480
44483
44485
44491
44496
44502
44506
44507
44508
44511
44513
44515
44521
44522
44523
44524
44532
44533
44539
44544
44547
44548
44549
44550
44553
44557
44558
44562
44563
44565
44567
44568
44569
44574
44577
44578
44583
44585
44586
44591
44592
44594
44597
44598
44599
44602
44604
44606
44609
44621
44622
44623
44624
44634
44636
44638
44639
44640
44641
44643
44659
44660
44661
44677
44679
44687
44690
44692
44695
44696
44701
44715
44731
44732
44737
44742
44748
44788
44834
44968
44986
44997
44998
44999
45001
45004
45006
45012
45015
45016
45018
45019
45021
45023
45024
45026
45030
45031
45032
45033
45034
45036
45041
45047
45048
45051
45055
45063
45064
45067
45068
45069
45073
45074
45075
45076
45077
45079
45083
45085
45087
45089
45092
45093
45097
45098
45100
45101
45104
45105
45106
45107
45109
45119
45124
45127
45129
45136
45137
45145
45147
45148
45150
45155
45165
45173
45176
45178
45192
45195
45199
45201
45203
45204
45205
45206
45207
45210
45211
45212
45215
45216
45229
45231
45234
45238
45241
45248
45253
45254
45257
45260
45263
45267
45286
45300
45307
45312
45315
45317
45318
45319
45320
45322
45323
45328
45329
45332
45333
45335
45338
45342
45344
45352
45353
45355
45357
45362
45367
45370
45374
45375
45378
45380
45381
45382
45383
45387
45391
45394
45395
45396
45400
45403
45407
45408
45411
45413
45424
45426
45439
45443
45444
45445
45447
45448
45450
45454
45455
45458
45464
45468
45470
45476
45477
45479
45489
45491
45492
45493
45495
45497
45502
45503
45505
45510
45513
45516
45522
45525
45526
45529
45535
45537
45538
45540
45544
45545
45546
45548
45549
45552
45559
45560
45564
45567
45577
45578
45580
45585
45586
45591
45594
45595
45596
45597
45599
45601
45602
45605
45607
45609
45616
45617
45618
45619
45620
45621
45622
45626
45628
45629
45631
45634
45636
45637
45638
45642
45643
45648
45649
45650
45651
45653
45657
45662
45663
45664
45665
45666
45667
45668
45671
45672
45673
45674
45676
45680
45681
45687
45699
45713
45715
45719
45722
45726
45728
45729
45732
45738
45740
45742
45746
45750
45761
45766
45768
45769
45774
45775
45780
45781
45786
45787
45794
45796
45803
45809
45811
45813
45814
45815
45816
45817
45820
45821
45828
45831
45834
45836
45839
45840
45841
45843
45846
45847
45850
45855
45857
45861
45863
45868
45883
45885
45887
45888
45892
45894
45898
45899
45907
45908
45910
45915
45917
45919
45924
45925
45926
45933
45934
45944
45957
45992
46003
46013
46015
46080
46081
46184
46187
46189
46201
46207
46210
46221
46222
46225
46227
46228
46230
46232
46237
46240
46241
46242
46243
46247
46248
46254
46257
46261
46264
46265
46266
46269
46272
46274
46276
46277
46279
46280
46284
46286
46292
46300
46301
46304
46306
46310
46314
46316
46322
46324
46326
46328
46331
46334
46337
46338
46346
46347
46348
46350
46356
46357
46361
46363
46369
46373
46374
46379
46383
46388
46389
46390
46400
46405
46407
46414
46417
46418
46419
46420
46422
46423
46430
46433
46434
46436
46440
46441
46442
46446
46449
46450
46452
46454
46460
46466
46468
46470
46471
46474
46476
46477
46479
46486
46495
46497
46499
46506
46509
46512
46514
46537
46538
46540
46560
46562
46565
46567
46568
46569
46570
46571
46575
46580
46581
46583
46587
46588
46590
46596
46598
46602
46605
46606
46607
46608
46609
46611
46613
46617
46618
46620
46624
46625
46628
46629
46633
46635
46639
46641
46642
46644
46645
46646
46648
46652
46661
46664
46669
46674
46681
46682
46684
46689
46690
46694
46696
46698
46699
46700
46701
46704
46706
46711
46713
46719
46721
46722
46723
46725
46742
46743
46746
46752
46756
46757
46760
46766
46775
46781
46783
46785
46786
46787
46788
46789
46791
46792
46793
46794
46796
46797
46798
46799
46804
46805
46806
46807
46808
46816
46817
46818
46819
46820
46822
46823
46824
46828
46829
46831
46834
46838
46839
46843
46844
46845
46849
46854
46856
46859
46860
46861
46862
46863
46864
46868
46870
46871
46872
46874
46876
46878
46879
46880
46884
46886
46888
46893
46904
46905
46906
46907
46908
46909
46912
46913
46914
46916
46921
46922
46924
46925
46927
46933
46936
46937
46941
46943
46945
46958
46961
46962
46964
46965
46966
46968
46969
46972
46981
46983
46984
46987
46988
46989
46995
46998
47008
47010
47016
47017
47020
47022
47025
47026
47029
47032
47034
47035
47036
47039
47045
47051
47052
47053
47054
47056
47059
47066
47070
47075
47077
47081
47093
47096
47097
47102
47103
47107
47109
47113
47121
47126
47127
47133
47138
47139
47143
47145
47150
47155
47166
47185
47188
47191
47201
47202
47205
47206
47207
47239
47291
47323
47342
47389
47396
47397
47402
47428
47429
47431
47434
47437
47440
47444
47446
47447
47448
47450
47451
47455
47456
47460
47461
47465
47468
47470
47471
47474
47476
47479
47480
47481
47485
47486
47493
47497
47498
47500
47502
47504
47507
47508
47511
47516
47517
47518
47520
47521
47528
47535
47536
47538
47543
47552
47559
47562
47567
47574
47575
47576
47579
47581
47582
47589
47590
47594
47596
47598
47603
47609
47614
47618
47620
47621
47622
47626
47630
47635
47638
47642
47644
47645
47646
47650
47651
47653
47655
47660
47666
47676
47677
47678
47680
47682
47686
47689
47697
47700
47710
47738
47743
47749
47753
47754
47765
47775
47779
47781
47782
47786
47787
47791
47792
47793
47797
47798
47799
47800
47802
47803
47806
47808
47810
47811
47814
47824
47825
47829
47833
47836
47841
47845
47846
47847
47848
47849
47850
47854
47859
47862
47863
47865
47866
47869
47880
47883
47884
47887
47889
47891
47903
47906
47908
47910
47914
47916
47920
47924
47925
47932
47935
47936
47938
47940
47942
47943
47946
47947
47952
47954
47955
47959
47960
47961
47962
47963
47964
47966
47968
47969
47970
47976
47977
47982
47986
47987
47990
48003
48006
48010
48011
48012
48017
48021
48023
48025
48028
48029
48030
48033
48034
48036
48037
48039
48043
48053
48057
48058
48061
48062
48065
48067
48068
48069
48072
48076
48077
48078
48080
48087
48088
48094
48095
48096
48099
48100
48101
48103
48104
48108
48109
48110
48113
48114
48118
48120
48122
48124
48126
48127
48128
48130
48136
48143
48150
48151
48152
48153
48156
48160
48161
48162
48170
48174
48177
48182
48183
48186
48187
48190
48196
48200
48203
48208
48211
48214
48216
48218
48221
48222
48227
48229
48234
48235
48239
48242
48243
48246
48249
48261
48264
48271
48272
48274
48277
48284
48286
48287
48289
48290
48294
48302
48303
48305
48310
48311
48313
48315
48320
48322
48324
48328
48331
48332
48338
48348
48350
48352
48356
48362
48366
48367
48371
48374
48378
48379
48385
48387
48391
48396
48399
48402
48403
48429
48438
48448
48452
48467
48476
48478
48481
48504
48523
48544
48559
48592
48672
48685
48691
48706
48717
48733
48742
48743
48744
48747
48748
48753
48757
48766
48770
48772
48773
48776
48778
48780
48781
48785
48788
48793
48794
48796
48798
48799
48801
48803
48804
48807
48814
48815
48818
48822
48824
48827
48832
48833
48835
48836
48839
48840
48843
48846
48847
48849
48857
48862
48863
48887
48889
48899
48902
48909
48910
48914
48923
48932
48936
48937
48940
48948
48955
48968
48969
48975
48987
49014
49030
49065
49072
49073
49075
49080
49084
49091
49092
49094
49096
49105
49106
49113
49125
49131
49133
49134
49136
49140
49144
49148
49149
49154
49159
49166
49172
49195
49200
49219
49257
49277
49283
49294
49301
49307
49316
49356
49358
49372
49379
49390
49396
49402
49407
49409
49416
49419
49435
49442
49443
49445
49447
49449
49452
49453
49454
49457
49459
49471
49472
49473
49476
49485
49492
49494
49498
49500
49501
49502
49504
49508
49516
49518
49534
49535
49548
49549
49551
49554
49557
49558
49560
49563
49567
49569
49600
49601
49604
49605
49611
49612
49623
49624
49629
49630
49634
49639
49640
49648
49660
49662
49673
49674
49685
49690
49691
49709
49712
49732
49754
49761
49797
49808
49810
49842
49843
49876
50051
50054
50094
50110
50111
50114
50119
50124
50137
50148
50172
50186
50198
50200
50210
50213
50218
50222
50223
50226
50238
50241
50252
50256
50260
50263
50278
50283
50306
50308
50310
50319
50330
50336
50349
50357
50370
50371
50372
50378
50452
50466
50468
50470
50482
50489
50491
50492
50494
50496
50503
50547
50550
50554
50561
50563
50565
50568
50569
50593
50597
50605
50614
50636
50646
50650
50653
50654
50657
50660
50664
50666
50698
50701
50703
50706
50717
50748
50752
50778
50784
50797
50815
50819
50824
50825
50827
50830
50866
50867
50869
50876
50884
50907
50914
50915
50919
50928
50929
50935
50972
51010
51011
51166
51172
51179
51193
51210
51223
51225
51227
51228
51229
51233
51234
51235
51236
51237
51238
51241
51244
51246
51248
51249
51254
51260
51262
51263
51268
51272
51275
51276
51280
51286
51287
51288
51289
51290
51291
51293
51295
51299
51303
51306
51309
51311
51312
51314
51315
51316
51317
51322
51323
51324
51330
51332
51333
51339
51341
51343
51344
51350
51352
51355
51356
51358
51359
51361
51367
51394
51397
51399
51401
51403
51404
51405
51407
51409
51410
51411
51412
51414
51415
51417
51420
51421
51422
51424
51427
51430
51432
51434
51436
51461
51462
51463
51464
51465
51467
51469
51470
51471
51473
51474
51475
51476
51487
51488
51489
51491
51497
51498
51499
51501
51505
51507
51511
51512
51513
51514
51515
51516
51520
51521
51523
51531
51533
51534
51535
51537
51538
51541
51542
51543
51545
51548
51549
51550
51551
51565
51566
51570
51573
51587
51588
51589
51590
51591
51593
51595
51597
51598
51599
51608
51612
51614
51616
51619
51620
51621
51625
51626
51627
51628
51629
51630
51635
51637
51638
51639
51640
51641
51642
51644
51645
51647
51649
51658
51659
51661
51664
51665
51666
51667
51670
51671
51673
51674
51676
51683
51685
51692
51695
51696
51699
51709
51711
51721
51722
51723
51787
51821
52343
52349
52351
52360
52363
52365
52366
52368
52369
52379
52389
52390
52393
52397
52398
52400
52405
52408
52412
52413
52414
52417
52418
52419
52422
52424
52426
52430
52431
52433
52434
52437
52441
52451
52453
52454
52459
52460
52464
52465
52470
52471
52472
52487
52495
52507
52515
52516
52518
52520
52529
52533
52536
52546
52550
52553
52555
52559
52563
52566
52569
52573
52579
52583
52585
52594
52595
52601
52606
52608
52609
52610
52611
52612
52615
52616
52622
52623
52624
52631
52632
52637
52640
52643
52650
52656
52657
52658
52660
52666
52670
52672
52673
52674
52675
52679
52680
52682
52703
52709
52710
52711
52723
52726
52727
52732
52738
52739
52742
52752
52755
52767
52770
52772
52773
52774
52777
52783
52784
52791
52794
52798
52800
52803
52811
52815
52819
52820
52821
52822
52828
52829
52831
52835
52839
52845
52851
52853
52858
52860
52863
52879
52880
52881
52882
52885
52890
52892
52893
52895
52897
52900
52903
52905
52909
52910
52911
52913
52915
52924
52925
52926
52927
52929
52931
52933
52934
52937
52941
52945
52947
52949
52961
52962
52963
52970
52972
52973
52975
52976
52978
52979
52980
52981
52983
52984
52985
52988
52989
52991
52994
52996
53011
53015
53017
53019
53020
53021
53022
53023
53025
53031
53033
53038
53039
53041
53042
53043
53045
53048
53049
53050
53052
53053
53056
53057
53058
53062
53064
53069
53072
53074
53075
53077
53078
53087
53092
53093
53099
53102
53103
53104
53105
53107
53108
53109
53110
53111
53116
53124
53127
53128
53130
53131
53132
53133
53134
53136
53137
53142
53143
53151
53155
53156
53157
53158
53160
53161
53164
53171
53175
53178
53179
53180
53182
53184
53192
53194
53195
53198
53199
53206
53209
53210
53211
53213
53214
53217
53221
53222
53225
53226
53229
53233
53234
53235
53240
53247
53249
53259
53260
53262
53271
53272
53276
53303
53312
53314
53315
53340
53355
53426
53431
53457
53490
53507
53510
53513
53517
53524
53529
53531
53534
53540
53545
53547
53553
53556
53560
53566
53567
53568
53572
53581
53584
53587
53588
53589
53592
53593
53596
53597
53598
53605
53606
53609
53616
53617
53618
53621
53625
53626
53627
53628
53631
53636
53641
53642
53644
53648
53650
53651
53652
53653
53654
53659
53662
53664
53665
53671
53672
53673
53674
53679
53685
53689
53692
53696
53713
53714
53715
53719
53722
53725
53734
53735
53737
53743
53745
53747
53753
53764
53766
53768
53769
53772
53773
53774
53775
53776
53779
53781
53783
53786
53787
53789
53790
53791
53792
53796
53802
53807
53812
53813
53817
53818
53821
53827
53829
53831
53833
53836
53841
53842
53843
53847
53854
53855
53858
53861
53862
53863
53864
53869
53870
53871
53872
53874
53875
53876
53885
53886
53888
53889
53891
53893
53894
53895
53896
53897
53899
53900
53902
53906
53907
53911
53915
53917
53919
53920
53921
53923
53925
53927
53928
53934
53938
53940
53941
53942
53981
53994
53995
53996
53999
54000
54001
54005
54009
54011
54014
54016
54018
54019
54020
54022
54023
54024
54026
54029
54031
54032
54035
54039
54041
54044
54046
54049
54052
54054
54056
54059
54061
54062
54064
54072
54073
54074
54075
54076
54079
54080
54083
54087
54091
54093
54096
54097
54099
54100
54103
54104
54105
54107
54108
54113
54114
54116
54124
54128
54133
54135
54137
54138
54142
54143
54144
54145
54148
54150
54151
54152
54153
54155
54156
54165
54167
54169
54170
54171
54175
54177
54179
54182
54183
54184
54185
54186
54187
54190
54191
54193
54199
54205
54208
54209
54210
54211
54216
54218
54219
54223
54231
54232
54233
54235
54237
54238
54240
54241
54242
54244
54254
54255
54257
54258
54263
54264
54268
54269
54270
54275
54276
54278
54279
54280
54283
54286
54288
54289
54295
54296
54299
54300
54301
54302
54304
54305
54306
54316
54317
54319
54321
54323
54324
54326
54327
54336
54349
54350
54353
54356
54357
54358
54361
54368
54369
54370
54375
54377
54378
54385
54389
54391
54394
54396
54402
54403
54404
54415
54416
54421
54423
54424
54426
54439
54441
54447
54449
54461
54476
54481
54484
54488
54492
54533
54537
54538
54645
54680
54714
54722
54737
54741
54743
54746
54748
54749
54750
54755
54759
54762
54763
54765
54768
54769
54770
54778
54780
54781
54782
54783
54789
54790
54791
54793
54794
54796
54799
54803
54808
54811
54812
54814
54815
54816
54817
54822
54823
54825
54831
54834
54836
54837
54841
54843
54844
54846
54850
54851
54853
54855
54856
54859
54860
54864
54865
54871
54874
54875
54881
54882
54883
54888
54893
54895
54896
54900
54901
54902
54907
54908
54911
54915
54917
54921
54924
54927
54928
54929
54933
54937
54938
54940
54943
54945
54950
54953
54955
54959
54963
54966
54968
54969
54970
54975
54976
54977
54984
54985
54991
54992
55002
55012
55015
55016
55018
55020
55023
55029
55034
55038
55040
55042
55043
55045
55046
55047
55048
55054
55059
55060
55063
55071
55073
55075
55077
55079
55086
55092
55093
55099
55132
55147
55148
55158
55160
55161
55165
55168
55174
55183
55188
55196
55201
55205
55206
55207
55212
55217
55218
55219
55220
55223
55224
55225
55228
55229
55230
55231
55233
55234
55236
55237
55239
55242
55245
55247
55248
55251
55252
55260
55261
55262
55263
55264
55265
55269
55276
55278
55280
55281
55283
55288
55291
55294
55295
55298
55299
55300
55311
55315
55316
55317
55318
55321
55322
55323
55324
55325
55327
55330
55331
55334
55335
55336
55337
55339
55341
55344
55353
55354
55360
55362
55365
55369
55372
55374
55375
55382
55383
55384
55385
55386
55387
55394
55395
55398
55401
55402
55404
55406
55410
55412
55418
55419
55420
55421
55425
55426
55427
55428
55429
55430
55433
55436
55438
55441
55445
55448
55449
55450
55451
55453
55454
55456
55457
55458
55459
55462
55463
55465
55479
55482
55487
55493
55494
55495
55499
55500
55501
55504
55505
55508
55509
55512
55514
55516
55517
55521
55522
55523
55525
55528
55529
55531
55532
55533
55537
55538
55546
55547
55548
55550
55551
55554
55557
55558
55559
55564
55565
55566
55569
55570
55571
55572
55574
55579
55581
55582
55584
55591
55592
55593
55597
55599
55601
55602
55603
55605
55607
55608
55610
55618
55621
55622
55625
55627
55628
55630
55633
55635
55636
55640
55641
55642
55650
55665
55666
55672
55682
55687
55688
55691
55693
55708
55712
55732
55734
55741
55744
55757
55758
55762
55766
55775
55776
55780
55792
55812
55821
55838
55870
55910
55911
55953
55974
55975
55982
55984
55985
55987
55994
55995
56004
56007
56009
56013
56018
56019
56023
56025
56030
56031
56037
56038
56041
56043
56046
56058
56062
56065
56067
56069
56076
56078
56084
56085
56087
56089
56091
56094
56096
56099
56100
56101
56107
56113
56114
56122
56128
56130
56132
56133
56136
56137
56142
56143
56144
56145
56146
56152
56153
56154
56157
56158
56162
56163
56164
56166
56168
56173
56178
56180
56185
56188
56192
56194
56202
56203
56208
56210
56212
56213
56216
56218
56219
56222
56223
56227
56228
56230
56232
56240
56249
56250
56252
56257
56259
56261
56262
56263
56264
56265
56270
56271
56275
56277
56281
56282
56291
56292
56296
56303
56306
56309
56310
56311
56334
56341
56347
56348
56359
56363
56370
56371
56372
56373
56374
56383
56385
56387
56390
56396
56397
56401
56403
56404
56410
56414
56416
56421
56423
56424
56425
56430
56432
56436
56439
56441
56442
56443
56448
56454
56460
56462
56463
56465
56467
56469
56470
56472
56473
56475
56477
56478
56481
56495
56499
56503
56505
56506
56507
56508
56513
56515
56516
56517
56522
56523
56524
56529
56531
56532
56536
56539
56544
56545
56547
56548
56554
56557
56559
56564
56566
56568
56571
56575
56576
56578
56584
56588
56589
56590
56591
56593
56594
56597
56598
56601
56606
56607
56608
56617
56618
56623
56626
56630
56631
56632
56634
56636
56637
56638
56639
56640
56642
56644
56651
56654
56658
56661
56662
56668
56671
56672
56675
56682
56683
56684
56685
56686
56687
56690
56697
56700
56704
56705
56706
56707
56708
56712
56719
56720
56724
56725
56727
56731
56732
56733
56735
56737
56739
56740
56742
56743
56744
56745
56746
56747
56748
56750
56751
56760
56766
56768
56772
56774
56778
56779
56780
56783
56785
56786
56792
56793
56794
56799
56800
56805
56807
56809
56816
56817
56818
56820
56821
56823
56829
56832
56834
56840
56842
56853
56855
56856
56857
56861
56862
56866
56869
56870
56873
56874
56876
56881
56883
56899
56900
56901
56903
56915
56918
56921
56923
56931
56934
56937
56938
56960
56966
56967
56981
56989
56990
56998
57015
57016
57105
57179
57222
57223
57240
57242
57246
57253
57254
57264
57270
57271
57273
57283
57285
57290
57291
57295
57301
57304
57306
57307
57310
57311
57313
57316
57318
57320
57326
57336
57338
57344
57345
57349
57351
57352
57356
57358
57359
57363
57368
57370
57382
57386
57394
57396
57398
57399
57400
57408
57409
57411
57415
57433
57436
57439
57443
57446
57447
57448
57449
57451
57452
57460
57463
57466
57469
57470
57471
57473
57477
57486
57511
57513
57526
57530
57533
57538
57539
57542
57543
57544
57546
57548
57552
57553
57556
57557
57560
57561
57562
57564
57565
57567
57568
57575
57579
57580
57592
57593
57598
57601
57602
57611
57614
57616
57617
57618
57619
57620
57621
57624
57625
57626
57627
57628
57636
57644
57655
57660
57661
57665
57668
57669
57675
57676
57682
57685
57686
57688
57689
57690
57693
57695
57697
57701
57704
57709
57713
57714
57725
57731
57733
57735
57737
57738
57739
57740
57745
57747
57748
57753
57755
57757
57763
57764
57768
57776
57777
57780
57781
57782
57796
57797
57800
57803
57804
57807
57811
57814
57820
57822
57824
57829
57831
57832
57834
57836
57847
57857
57858
57862
57865
57868
57871
57872
57874
57875
57878
57883
57885
57886
57887
57889
57891
57892
57893
57901
57907
57916
57917
57918
57923
57924
57930
57933
57934
57935
57938
57943
57945
57947
57949
57950
57954
57955
57957
57959
57962
57963
57965
57970
57972
57974
57984
57989
57991
58001
58002
58004
58005
58007
58012
58017
58023
58024
58030
58034
58035
58036
58038
58041
58043
58048
58049
58052
58054
58061
58069
58070
58090
58094
58096
58099
58103
58117
58132
58177
58224
58255
58288
58296
58299
58311
58313
58328
58344
58347
58349
58352
58357
58361
58362
58366
58370
58372
58387
58388
58391
58397
58398
58404
58406
58409
58410
58413
58416
58418
58419
58423
58425
58432
58435
58438
58442
58445
58453
58455
58463
58466
58467
58474
58477
58478
58481
58483
58491
58494
58507
58508
58511
58514
58516
58517
58519
58520
58522
58528
58530
58531
58534
58535
58536
58540
58547
58548
58549
58550
58555
58558
58560
58564
58565
58568
58570
58574
58576
58579
58592
58593
58595
58603
58604
58605
58607
58619
58622
58623
58625
58628
58651
58654
58665
58666
58672
58677
58678
58680
58682
58687
58688
58689
58694
58701
58702
58703
58705
58708
58710
58711
58713
58715
58716
58719
58720
58722
58727
58737
58738
58741
58742
58752
58754
58756
58758
58759
58762
58766
58772
58775
58778
58787
58789
58791
58795
58798
58799
58800
58801
58806
58809
58813
58816
58827
58833
58836
58838
58843
58852
58854
58856
58859
58860
58861
58867
58869
58872
58880
58881
58886
58889
58890
58891
58892
58895
58896
58897
58898
58899
58911
58913
58915
58916
58917
58918
58919
58921
58922
58924
58925
58929
58931
58932
58933
58938
58940
58943
58947
58948
58962
58964
58967
58968
58969
58970
58972
58977
58978
58980
58986
58987
58988
58989
58991
59005
59008
59014
59018
59019
59022
59026
59030
59031
59033
59035
59045
59046
59052
59056
59058
59063
59069
59075
59076
59090
59091
59093
59096
59100
59116
59121
59131
59141
59153
59156
59160
59173
59180
59187
59249
59446
59451
59468
59471
59476
59477
59479
59481
59483
59484
59486
59488
59489
59493
59503
59504
59512
59524
59531
59534
59544
59547
59548
59549
59552
59554
59556
59557
59559
59563
59564
59570
59571
59590
59595
59598
59603
59606
59608
59609
59611
59615
59616
59619
59621
59622
59623
59627
59630
59632
59635
59637
59638
59639
59640
59646
59656
59659
59672
59681
59682
59685
59686
59687
59689
59694
59695
59697
59699
59701
59702
59709
59710
59712
59714
59717
59723
59724
59725
59726
59727
59731
59740
59744
59746
59748
59786
59793
59807
59811
59812
59816
59823
59826
59827
59829
59842
59846
59859
59861
59869
59872
59876
59878
59879
59881
59883
59885
59886
59887
59888
59893
59908
59909
59910
59912
59914
59915
59920
59925
59926
59928
59929
59931
59933
59936
59941
59942
59943
59951
59952
59953
59956
59958
59959
59961
59966
59967
59968
59971
59973
59980
59982
59984
59985
59986
59992
59994
59995
59999
60000
60001
60003
60005
60007
60013
60014
60015
60016
60017
60021
60022
60027
60031
60035
60036
60042
60047
60053
60054
60055
60058
60067
60071
60073
60076
60077
60081
60085
60094
60095
60097
60098
60100
60105
60113
60114
60118
60119
60120
60125
60126
60130
60149
60150
60155
60167
60169
60170
60173
60174
60176
60179
60186
60188
60195
60201
60202
60206
60207
60211
60212
60213
60216
60217
60226
60227
60228
60232
60233
60235
60239
60243
60244
60247
60248
60250
60251
60253
60255
60259
60261
60264
60266
60267
60269
60270
60279
60287
60295
60296
60299
60303
60306
60308
60309
60310
60314
60318
60328
60330
60332
60335
60336
60342
60344
60347
60349
60351
60374
60386
60389
60398
60399
60402
60404
60408
60414
60499
60588
60615
60616
60620
60622
60624
60632
60636
60640
60646
60649
60652
60655
60661
60663
60665
60667
60668
60674
60675
60678
60680
60686
60687
60690
60692
60695
60696
60700
60728
60733
60758
60763
60773
60778
60793
60795
60811
60818
60820
60821
60829
60831
60833
60845
60848
60853
60863
60872
60883
60886
60897
60898
60901
60903
60904
60918
60919
60921
60925
60931
60933
60938
60944
60949
60954
60958
60961
60978
60979
60980
60983
60986
60987
60989
60992
60994
60998
61000
61008
61019
61028
61029
61030
61031
61035
61039
61043
61048
61056
61058
61060
61061
61065
61067
61071
61073
61077
61078
61079
61085
61087
61095
61096
61098
61100
61103
61104
61112
61117
61118
61120
61123
61125
61136
61138
61141
61145
61153
61154
61165
61171
61172
61174
61176
61178
61180
61181
61192
61194
61198
61215
61219
61222
61225
61236
61237
61248
61266
61280
61281
61283
61286
61287
61301
61305
61486
61489
61491
61500
61508
61510
61513
61515
61516
61519
61527
61531
61532
61533
61534
61535
61538
61542
61545
61547
61552
61555
61562
61563
61568
61571
61573
61583
61585
61590
61593
61596
61599
61600
61604
61609
61622
61633
61637
61642
61643
61658
61660
61665
61667
61673
61676
61677
61679
61680
61682
61687
61691
61694
61700
61702
61703
61712
61714
61715
61717
61719
61720
61721
61722
61723
61724
61725
61730
61739
61746
61753
61755
61757
61758
61762
61763
61765
61771
61772
61775
61776
61778
61779
61781
61785
61788
61790
61791
61794
61802
61803
61804
61807
61812
61817
61819
61826
61833
61837
61838
61839
61840
61841
61842
61849
61855
61856
61859
61860
61861
61871
61873
61874
61879
61883
61884
61885
61887
61899
61900
61901
61911
61913
61918
61919
61920
61921
61923
61926
61929
61931
61937
61940
61941
61947
61948
61953
61954
61956
61959
61971
61976
61982
62001
62020
62042
62043
62046
62069
62099
62101
62117
62130
62139
62141
62147
62151
62153
62157
62158
62159
62162
62163
62169
62171
62173
62176
62177
62178
62181
62182
62185
62188
62190
62193
62199
62201
62205
62206
62207
62208
62209
62210
62217
62219
62220
62225
62229
62231
62234
62235
62240
62242
62246
62249
62251
62252
62253
62254
62259
62260
62262
62264
62266
62268
62277
62278
62282
62286
62287
62289
62290
62292
62295
62296
62298
62302
62308
62309
62316
62317
62318
62319
62320
62323
62325
62327
62328
62330
62335
62337
62340
62346
62350
62354
62355
62358
62366
62367
62369
62371
62373
62376
62378
62381
62382
62384
62391
62395
62397
62403
62406
62407
62408
62409
62412
62423
62426
62428
62430
62437
62443
62464
62466
62467
62468
62471
62481
62484
62485
62487
62488
62491
62492
62493
62495
62506
62507
62508
62513
62515
62519
62520
62521
62522
62523
62527
62530
62531
62533
62536
62540
62545
62546
62547
62548
62549
62551
62552
62553
62555
62556
62557
62559
62561
62567
62569
62572
62573
62579
62584
62585
62587
62588
62591
62592
62594
62595
62596
62598
62600
62601
62602
62603
62605
62607
62619
62620
62623
62626
62627
62629
62630
62631
62632
62635
62640
62643
62644
62645
62646
62650
62651
62652
62654
62656
62658
62661
62662
62665
62672
62673
62674
62676
62677
62680
62682
62683
62684
62689
62692
62693
62697
62698
62700
62701
62703
62704
62706
62707
62708
62711
62716
62724
62725
62728
62729
62730
62732
62737
62739
62743
62745
62746
62748
62750
62751
62752
62757
62765
62766
62767
62770
62772
62773
62775
62777
62779
62781
62782
62785
62786
62787
62791
62792
62793
62794
62795
62797
62798
62803
62804
62810
62811
62812
62813
62814
62817
62819
62824
62827
62829
62834
62835
62838
62841
62844
62846
62851
62856
62857
62858
62865
62868
62872
62874
62878
62882
62883
62884
62888
62893
62894
62896
62897
62902
62905
62908
62911
62912
62914
62915
62917
62918
62919
62921
62925
62927
62936
62943
62945
62946
62948
62954
62956
62962
62964
62971
62975
62989
62992
62996
63008
63100
63129
63131
63144
63194
63195
63205
63208
63214
63216
63238
63239
63240
63241
63244
63246
63248
63249
63250
63251
63256
63257
63258
63259
63263
63268
63276
63278
63279
63282
63288
63291
63293
63296
63299
63304
63305
63306
63311
63316
63318
63319
63320
63326
63328
63331
63334
63335
63343
63345
63346
63347
63350
63351
63359
63360
63361
63364
63366
63367
63375
63376
63381
63385
63386
63394
63399
63400
63403
63404
63405
63410
63412
63414
63415
63419
63421
63424
63425
63429
63432
63436
63437
63438
63439
63448
63449
63450
63454
63455
63463
63465
63467
63492
63499
63516
63519
63523
63526
63527
63528
63532
63536
63537
63539
63540
63541
63543
63545
63547
63549
63550
63551
63558
63562
63565
63566
63572
63573
63583
63587
63588
63594
63600
63602
63606
63607
63610
63612
63613
63615
63616
63618
63621
63623
63624
63630
63632
63634
63635
63636
63638
63643
63644
63646
63648
63654
63656
63657
63658
63661
63662
63665
63666
63668
63671
63683
63684
63686
63691
63693
63700
63701
63702
63704
63705
63706
63707
63708
63719
63726
63728
63729
63730
63731
63733
63736
63738
63740
63741
63746
63748
63750
63754
63758
63760
63761
63763
63770
63772
63773
63777
63779
63781
63782
63786
63789
63790
63792
63794
63797
63801
63812
63816
63817
63821
63822
63823
63824
63825
63826
63829
63831
63832
63838
63839
63840
63844
63848
63850
63853
63854
63855
63856
63858
63860
63868
63871
63874
63875
63876
63880
63887
63892
63893
63894
63896
63898
63899
63900
63901
63903
63907
63910
63911
63912
63913
63914
63916
63924
63933
63934
63935
63936
63937
63939
63941
63943
63945
63947
63949
63951
63956
63957
63960
63962
63963
63966
63980
63982
63983
63984
63985
63989
63990
63991
63994
63995
63996
63997
64000
64009
64010
64015
64025
64030
64046
64113
64134
64137
64139
64161
64209
64233
64240
64245
64249
64250
64252
64254
64257
64258
64261
64266
64267
64270
64271
64274
64286
64289
64294
64299
64300
64304
64306
64310
64312
64321
64323
64326
64328
64329
64333
64335
64337
64344
64346
64353
64357
64359
64362
64363
64368
64375
64378
64380
64383
64386
64387
64388
64390
64394
64397
64401
64403
64405
64408
64411
64415
64416
64417
64424
64426
64430
64431
64432
64433
64435
64436
64439
64440
64441
64442
64447
64448
64451
64452
64454
64459
64466
64469
64477
64481
64483
64501
64505
64508
64519
64520
64521
64522
64523
64524
64534
64535
64539
64546
64547
64549
64550
64551
64555
64556
64557
64560
64561
64563
64564
64565
64566
64575
64579
64580
64581
64582
64586
64587
64590
64591
64592
64596
64599
64617
64618
64624
64625
64630
64639
64640
64641
64648
64656
64658
64659
64660
64664
64666
64670
64671
64673
64675
64677
64678
64680
64682
64684
64685
64687
64688
64689
64691
64692
64700
64701
64703
64705
64707
64709
64714
64725
64726
64727
64732
64735
64740
64750
64751
64755
64756
64757
64759
64761
64762
64764
64773
64774
64775
64776
64777
64778
64783
64785
64786
64789
64790
64791
64800
64802
64803
64804
64807
64809
64810
64813
64817
64818
64819
64821
64825
64827
64828
64836
64838
64843
64844
64856
64858
64861
64864
64867
64868
64869
64873
64877
64888
64891
64893
64894
64896
64902
64904
64907
64908
64909
64911
64912
64914
64919
64920
64924
64925
64932
64938
64943
64949
64951
64952
64954
64956
64959
64965
64971
64975
65007
65010
65016
65027
65047
65064
65074
65082
65092
65111
65129
65133
65134
65181
65209
65242
65249
65250
65255
65258
65259
65266
65272
65278
65281
65282
65290
65291
65293
65294
65296
65297
65298
65304
65306
65310
65314
65317
65319
65324
65327
65328
65337
65340
65351
65353
65355
65361
65363
65366
65367
65371
65372
65373
65375
65377
65379
65380
65382
65389
65392
65393
65394
65400
65402
65404
65405
65406
65412
65417
65418
65420
65421
65422
65424
65426
65431
65432
65435
65436
65438
65439
65445
65447
65449
65453
65454
65458
65465
65466
65467
65474
65475
65476
65480
65484
65485
65486
65488
65497
65499
65509
65511
65518
65520
65521
65527
65533
65539
65543
65545
65548
65549
65560
65569
65575
65576
65579
65580
65583
65584
65586
65589
65593
65594
65600
65609
65617
65624
65625
65629
65630
65636
65642
65645
65646
65647
65648
65649
65650
65652
65657
65660
65663
65668
65669
65674
65675
65676
65677
65678
65679
65680
65681
65682
65684
65686
65687
65691
65693
65694
65695
65696
65697
65706
65714
65715
65718
65720
65722
65723
65729
65731
65733
65735
65736
65739
65740
65745
65746
65747
65748
65749
65756
65763
65766
65768
65770
65771
65774
65775
65778
65779
65784
65785
65786
65788
65790
65792
65795
65797
65798
65799
65805
65806
65809
65812
65813
65815
65816
65819
65823
65824
65827
65829
65830
65831
65833
65834
65844
65847
65848
65853
65860
65861
65863
65867
65871
65873
65874
65876
65877
65879
65880
65881
65883
65885
65894
65895
65902
65903
65904
65905
65910
65911
65912
65914
65915
65918
65920
65922
65925
65926
65928
65943
65946
65947
65950
65951
65953
65954
65956
65959
65964
65967
65968
65970
65971
65972
65977
65978
65979
65980
65981
65988
65991
65994
65995
65997
65999
66000
66003
66004
66008
66009
66010
66011
66014
66017
66018
66019
66020
66022
66026
66027
66028
66033
66045
66046
66047
66056
66057
66058
66062
66064
66065
66068
66069
66071
66072
66076
66077
66084
66087
66095
66098
66102
66103
66104
66106
66113
66127
66131
66132
66134
66139
66143
66144
66147
66152
66153
66178
66185
66191
66192
66196
66197
66212
66213
66217
66246
66285
66301
66320
66390
66413
66433
66441
66453
66456
66459
66460
66465
66466
66467
66468
66472
66473
66474
66475
66477
66478
66479
66480
66483
66486
66488
66489
66491
66493
66499
66501
66503
66505
66506
66507
66508
66511
66513
66517
66518
66521
66524
66525
66528
66531
66535
66536
66543
66550
66553
66558
66561
66565
66567
66568
66572
66575
66576
66577
66581
66582
66583
66584
66585
66587
66590
66592
66600
66601
66602
66603
66604
66606
66607
66608
66618
66619
66621
66622
66626
66628
66632
66637
66638
66642
66648
66649
66650
66652
66653
66655
66656
66658
66659
66663
66664
66665
66670
66671
66674
66676
66677
66678
66679
66681
66683
66685
66688
66692
66693
66696
66699
66700
66703
66704
66708
66709
66711
66713
66720
66724
66725
66726
66727
66730
66733
66736
66737
66739
66741
66744
66745
66748
66754
66756
66759
66761
66762
66764
66767
66769
66777
66778
66786
66790
66791
66794
66798
66805
66807
66812
66816
66818
66822
66823
66824
66835
66838
66845
66846
66847
66848
66849
66850
66851
66858
66860
66861
66862
66877
66878
66882
66883
66885
66887
66888
66889
66894
66897
66904
66905
66907
66912
66918
66919
66922
66930
66931
66932
66933
66934
66935
66936
66937
66938
66941
66945
66952
66953
66954
66959
66960
66963
66964
66965
66972
66974
66975
66978
66981
66982
66985
66988
66989
66991
66995
66996
66998
66999
67001
67002
67008
67010
67011
67012
67013
67015
67016
67017
67019
67020
67021
67022
67023
67025
67026
67027
67028
67031
67039
67042
67043
67046
67047
67048
67049
67050
67056
67057
67060
67061
67062
67065
67066
67067
67068
67073
67079
67081
67086
67093
67095
67097
67098
67100
67101
67103
67105
67106
67107
67108
67109
67111
67113
67114
67119
67121
67124
67125
67130
67133
67134
67144
67145
67146
67147
67149
67150
67156
67157
67165
67168
67171
67179
67181
67183
67187
67188
67190
67191
67193
67194
67195
67197
67198
67200
67201
67204
67208
67209
67210
67221
67222
67223
67227
67229
67230
67232
67236
67237
67238
67239
67241
67242
67246
67251
67253
67256
67261
67262
67271
67272
67273
67275
67278
67280
67281
67288
67291
67292
67294
67300
67306
67311
67312
67313
67316
67321
67322
67325
67331
67336
67341
67343
67345
67347
67350
67362
67367
67368
67389
67390
67480
67504
67518
67569
67583
67592
67597
67602
67604
67605
67609
67611
67612
67613
67614
67619
67620
67626
67627
67630
67632
67633
67635
67640
67641
67642
67643
67645
67646
67652
67654
67656
67657
67658
67663
67670
67673
67674
67681
67684
67685
67687
67692
67694
67695
67700
67703
67712
67713
67718
67723
67725
67731
67736
67737
67744
67746
67747
67751
67752
67753
67757
67758
67762
67763
67766
67767
67769
67770
67773
67775
67777
67781
67782
67784
67787
67792
67794
67796
67800
67801
67806
67809
67816
67817
67819
67849
67857
67868
67882
67884
67890
67899
67903
67910
67913
67917
67919
67925
67935
67936
67939
67943
67945
67948
67953
67954
67955
67956
67959
67961
67969
67970
67972
67976
67977
67979
67981
67983
67984
67986
67987
67989
67991
67992
67995
67996
67997
68002
68005
68011
68012
68017
68018
68019
68020
68021
68024
68025
68026
68029
68030
68032
68036
68037
68038
68043
68044
68045
68048
68064
68067
68068
68069
68073
68080
68081
68084
68085
68088
68090
68091
68094
68096
68102
68108
68110
68111
68113
68116
68117
68119
68121
68123
68131
68135
68137
68139
68140
68141
68143
68144
68148
68158
68159
68161
68163
68167
68171
68173
68174
68177
68182
68187
68192
68201
68203
68207
68208
68211
68212
68213
68219
68222
68226
68233
68234
68243
68244
68248
68249
68250
68252
68254
68258
68259
68260
68262
68263
68265
68268
68271
68273
68274
68279
68280
68283
68284
68289
68293
68301
68304
68306
68307
68310
68313
68314
68317
68318
68319
68320
68331
68342
68343
68344
68345
68346
68347
68349
68351
68356
68360
68363
68366
68376
68378
68383
68384
68387
68390
68392
68393
68398
68401
68403
68407
68410
68413
68418
68422
68430
68432
68434
68436
68437
68443
68445
68446
68454
68458
68463
68472
68474
68477
68478
68483
68486
68490
68496
68497
68501
68505
68506
68517
68555
68556
68557
68576
68590
68610
68635
68686
68711
68738
68740
68795
68822
68854
68865
68870
68895
68898
68940
69015
69026
69027
69028
69034
69037
69044
69045
69050
69052
69056
69058
69059
69061
69062
69063
69069
69078
69082
69085
69086
69088
69090
69093
69094
69097
69101
69104
69107
69109
69112
69113
69114
69116
69117
69118
69119
69121
69129
69130
69131
69136
69137
69140
69143
69144
69146
69148
69150
69159
69163
69172
69174
69175
69176
69180
69182
69193
69199
69203
69205
69206
69208
69220
69224
69226
69231
69236
69243
69245
69246
69247
69251
69252
69254
69255
69256
69263
69268
69271
69275
69278
69282
69284
69289
69290
69296
69297
69300
69301
69302
69305
69306
69307
69308
69309
69310
69314
69315
69316
69320
69321
69322
69326
69327
69328
69329
69331
69335
69343
69350
69351
69358
69363
69365
69368
69369
69376
69378
69382
69384
69396
69397
69401
69410
69411
69417
69420
69423
69424
69425
69427
69430
69432
69433
69435
69437
69442
69445
69450
69451
69452
69467
69480
69481
69483
69484
69489
69492
69494
69497
69498
69502
69504
69506
69507
69519
69521
69524
69525
69527
69530
69531
69535
69537
69538
69541
69547
69557
69559
69562
69565
69566
69568
69569
69574
69576
69578
69579
69580
69581
69582
69583
69584
69585
69591
69593
69598
69599
69600
69602
69603
69608
69609
69610
69611
69612
69613
69616
69617
69621
69622
69623
69626
69627
69628
69629
69636
69639
69641
69642
69645
69646
69647
69650
69653
69659
69663
69667
69670
69673
69676
69684
69688
69690
69691
69693
69695
69700
69702
69703
69707
69708
69709
69711
69726
69730
69733
69740
69767
69772
69775
69791
69816
69845
69875
69943
69972
69977
69978
69981
69982
69984
69992
69993
69994
69996
69998
69999
70004
70010
70011
70014
70018
70020
70023
70028
70029
70030
70033
70035
70037
70046
70053
70054
70058
70062
70064
70065
70066
70067
70069
70073
70084
70088
70092
70093
70096
70097
70101
70102
70106
70108
70114
70115
70116
70117
70121
70122
70125
70127
70129
70130
70131
70132
70135
70137
70138
70139
70141
70143
70145
70147
70148
70149
70152
70154
70156
70157
70158
70167
70170
70171
70173
70175
70179
70180
70182
70183
70186
70187
70197
70198
70202
70203
70204
70209
70210
70211
70213
70214
70215
70218
70219
70220
70221
70222
70225
70226
70228
70229
70239
70241
70242
70243
70249
70251
70252
70254
70255
70264
70267
70269
70273
70274
70275
70276
70280
70281
70285
70288
70291
70295
70299
70300
70301
70302
70304
70311
70314
70316
70317
70319
70324
70326
70328
70329
70330
70336
70343
70344
70345
70349
70352
70354
70360
70364
70365
70368
70369
70373
70375
70376
70380
70381
70382
70383
70387
70388
70394
70398
70469
70470
70472
70476
70483
70485
70486
70489
70490
70491
70495
70500
70502
70506
70508
70509
70511
70512
70514
70515
70517
70520
70522
70523
70524
70525
70526
70528
70529
70531
70533
70536
70537
70545
70546
70547
70548
70550
70552
70554
70558
70559
70560
70565
70567
70568
70572
70576
70577
70581
70582
70583
70585
70592
70593
70598
70600
70602
70606
70609
70610
70611
70616
70633
70634
70635
70637
70638
70643
70645
70646
70650
70653
70654
70656
70657
70659
70661
70662
70664
70666
70667
70670
70671
70672
70674
70687
70699
70704
70705
70707
70709
70710
70711
70712
70715
70717
70718
70720
70723
70729
70731
70732
70739
70740
70743
70744
70746
70747
70748
70750
70752
70755
70756
70758
70759
70760
70762
70763
70764
70766
70767
70769
70770
70771
70773
70774
70776
70777
70779
70784
70788
70790
70794
70795
70796
70799
70801
70802
70806
70812
70813
70814
70819
70826
70827
70833
70834
70835
70836
70840
70842
70843
70845
70847
70848
70849
70852
70854
70864
70866
70868
70869
70873
70876
70879
70880
70881
70886
70888
70889
70890
70892
70893
70894
70900
70901
70905
70907
70908
70909
70910
70914
70918
70921
70922
70926
70927
70929
70930
70931
70932
70935
70936
70937
70953
70954
70955
70958
70960
70961
70964
70966
70967
70970
70972
70974
70975
70976
70977
70978
70979
70980
70984
70987
70988
70993
70994
70995
71004
71005
71006
71009
71011
71016
71017
71018
71021
71022
71027
71028
71031
71036
71051
71053
71056
71060
71083
71086
71087
71092
71095
71098
71100
71106
71117
71135
71155
71183
71208
71209
71236
71307
71343
71382
71385
71388
71392
71397
71400
71402
71404
71408
71409
71411
71415
71417
71419
71420
71422
71424
71425
71429
71433
71437
71439
71441
71442
71444
71447
71448
71449
71450
71451
71452
71454
71456
71460
71464
71465
71466
71467
71471
71474
71477
71479
71482
71490
71493
71496
71497
71499
71500
71502
71504
71505
71512
71513
71514
71517
71520
71522
71523
71524
71526
71528
71530
71531
71532
71534
71535
71538
71546
71548
71549
71560
71562
71564
71565
71567
71569
71571
71578
71581
71584
71586
71588
71594
71595
71596
71597
71603
71605
71607
71616
71619
71623
71624
71626
71627
71628
71630
71634
71637
71638
71639
71642
71644
71647
71652
71653
71659
71660
71670
71671
71672
71674
71679
71682
71685
71690
71691
71692
71695
71696
71699
71701
71702
71703
71709
71727
71771
71774
71777
71779
71780
71782
71785
71786
71788
71792
71793
71794
71795
71796
71797
71800
71807
71808
71809
71810
71811
71815
71817
71820
71822
71823
71825
71826
71827
71829
71830
71832
71835
71836
71837
71838
71842
71843
71845
71846
71851
71857
71858
71861
71862
71863
71864
71866
71868
71871
71872
71874
71883
71884
71887
71888
71891
71896
71897
71902
71910
71914
71915
71916
71917
71918
71922
71924
71925
71928
71930
71932
71934
71935
71939
71941
71942
71947
71948
71952
71953
71954
71956
71957
71959
71965
71966
71968
71969
71972
71974
71975
71980
71981
71983
71985
71986
71987
71988
71989
71992
71996
71998
72009
72013
72014
72015
72016
72017
72018
72019
72024
72027
72028
72031
72045
72047
72048
72050
72062
72064
72065
72067
72069
72070
72073
72076
72078
72080
72081
72082
72083
72084
72085
72091
72094
72096
72097
72098
72104
72105
72106
72108
72110
72111
72112
72119
72123
72125
72127
72132
72134
72138
72139
72140
72141
72142
72146
72151
72152
72155
72156
72159
72164
72165
72166
72170
72171
72176
72178
72179
72180
72181
72190
72191
72198
72203
72208
72209
72215
72218
72224
72227
72230
72231
72233
72238
72242
72244
72245
72246
72247
72249
72256
72258
72259
72261
72264
72266
72267
72270
72272
72282
72286
72289
72291
72293
72310
72314
72315
72318
72321
72323
72328
72337
72342
72350
72381
72382
72413
72426
72427
72430
72480
72501
72525
72576
72589
72599
72607
72609
72610
72612
72616
72617
72619
72625
72626
72627
72630
72632
72636
72637
72641
72642
72644
72646
72648
72650
72652
72653
72657
72664
72665
72666
72668
72672
72674
72678
72680
72682
72685
72686
72688
72692
72696
72699
72700
72701
72703
72705
72706
72711
72713
72716
72719
72720
72721
72722
72724
72726
72728
72729
72733
72734
72735
72736
72737
72740
72741
72749
72750
72758
72759
72761
72763
72767
72773
72775
72779
72783
72786
72788
72791
72797
72803
72805
72810
72811
72813
72818
72819
72821
72822
72824
72830
72832
72833
72836
72837
72840
72844
72846
72848
72853
72854
72855
72865
72866
72871
72872
72874
72878
72882
72884
72898
72900
72903
72906
72935
72937
72942
72943
72948
72950
72954
72964
72965
72966
72967
72970
72974
72975
72980
72983
72984
72985
72986
72987
72988
72989
72995
73001
73002
73004
73007
73017
73021
73022
73023
73029
73031
73034
73040
73045
73047
73048
73050
73051
73053
73054
73057
73059
73061
73062
73064
73078
73081
73083
73084
73087
73094
73095
73096
73097
73098
73100
73114
73120
73121
73122
73126
73128
73129
73130
73131
73137
73138
73139
73140
73142
73148
73150
73153
73155
73156
73162
73168
73169
73174
73176
73178
73179
73187
73188
73190
73191
73192
73201
73203
73204
73209
73213
73216
73220
73222
73224
73225
73227
73229
73230
73231
73232
73236
73240
73244
73245
73247
73249
73252
73256
73257
73259
73260
73261
73266
73267
73272
73275
73276
73278
73283
73286
73289
73292
73294
73295
73296
73301
73302
73303
73308
73309
73310
73312
73315
73320
73321
73322
73323
73324
73329
73330
73331
73334
73336
73339
73340
73341
73345
73346
73347
73348
73350
73353
73355
73360
73370
73373
73375
73376
73378
73379
73380
73381
73382
73383
73385
73386
73387
73392
73394
73397
73401
73402
73408
73410
73414
73417
73419
73420
73421
73422
73423
73425
73427
73428
73429
73437
73447
73449
73450
73452
73456
73457
73458
73462
73469
73471
73475
73487
73503
73511
73515
73529
73550
73561
73564
73641
73643
73662
73691
73716
73728
73742
73743
73744
73747
73748
73752
73757
73758
73761
73764
73773
73774
73775
73776
73777
73778
73782
73784
73787
73788
73796
73797
73798
73800
73813
73824
73833
73838
73839
73840
73842
73843
73845
73846
73851
73855
73858
73859
73863
73864
73867
73868
73872
73873
73880
73884
73887
73890
73893
73896
73897
73899
73901
73902
73907
73911
73913
73915
73925
73926
73936
73937
73939
73946
73948
73949
73950
73951
73956
73957
73962
73966
73968
73991
73993
74007
74008
74023
74024
74025
74026
74034
74035
74037
74044
74046
74052
74054
74056
74060
74061
74065
74066
74078
74079
74086
74088
74091
74092
74096
74098
74099
74101
74102
74104
74110
74111
74112
74114
74115
74117
74121
74122
74123
74129
74130
74131
74132
74133
74134
74135
74140
74141
74145
74155
74163
74166
74170
74172
74176
74177
74178
74180
74182
74184
74189
74190
74191
74192
74194
74196
74198
74199
74201
74202
74203
74216
74217
74226
74231
74235
74241
74242
74243
74245
74246
74247
74252
74253
74255
74258
74259
74260
74261
74262
74264
74269
74272
74274
74277
74278
74283
74284
74287
74288
74290
74293
74294
74298
74300
74301
74304
74305
74306
74316
74320
74321
74323
74325
74329
74330
74331
74333
74337
74338
74340
74341
74343
74344
74345
74347
74348
74350
74355
74363
74365
74366
74369
74370
74374
74378
74384
74385
74387
74388
74390
74394
74397
74410
74413
74423
74426
74427
74428
74429
74430
74431
74434
74436
74437
74439
74440
74445
74447
74449
74451
74452
74454
74455
74456
74457
74458
74460
74465
74466
74468
74470
74472
74474
74475
74486
74490
74499
74501
74503
74504
74506
74520
74521
74525
74527
74528
74529
74530
74533
74535
74536
74538
74539
74541
74543
74544
74548
74551
74564
74566
74567
74570
74571
74572
74574
74576
74579
74581
74582
74597
74601
74610
74613
74614
74615
74638
74666
74678
74700
74727
74734
74840
74847
74857
74858
74866
74868
74869
74955
74957
74963
74978
74983
74992
74995
74999
75002
75008
75031
75033
75049
75053
75089
75098
75109
75119
75127
75128
75135
75150
75155
75156
75170
75172
75184
75188
75206
75221
75224
75225
75235
75249
75259
75262
75272
75277
75284
75285
75293
75298
75341
75376
75436
75494
75501
75506
75538
75539
75550
75554
75563
75569
75575
75577
75585
75586
75589
75598
75607
75608
75639
75666
75671
75673
75685
75686
75688
75689
75693
75698
75707
75717
75732
75734
75737
75739
75742
75743
75770
75775
75788
75789
75792
75799
75802
75809
75823
75828
75832
75833
75835
75844
75846
75850
75852
75853
75857
75860
75865
75867
75870
75871
75874
75876
75877
75880
75886
75887
75900
75901
75902
75903
75905
75906
75907
75911
75912
75913
75914
75918
75920
75925
75926
75928
75930
75932
75934
75938
75939
75940
75942
75943
75944
75955
75960
75962
75963
75967
75979
75981
75984
75987
75988
75992
75994
75995
76000
76006
76008
76009
76011
76014
76016
76021
76022
76024
76028
76030
76031
76034
76035
76036
76037
76038
76040
76046
76047
76052
76058
76062
76064
76066
76068
76082
76085
76087
76090
76094
76095
76096
76097
76098
76104
76126
76127
76142
76147
76163
76253
76256
76263
76267
76271
76272
76275
76278
76281
76282
76290
76291
76292
76299
76300
76303
76305
76310
76311
76314
76316
76321
76322
76354
76378
76381
76389
76405
76410
76413
76415
76416
76417
76419
76421
76425
76430
76431
76433
76437
76442
76444
76451
76453
76457
76463
76465
76467
76484
76486
76489
76494
76497
76500
76501
76503
76504
76507
76508
76517
76518
76520
76526
76530
76533
76539
76547
76552
76562
76563
76567
76570
76572
76573
76575
76578
76581
76582
76585
76590
76591
76592
76593
76595
76596
76602
76603
76604
76611
76624
76632
76636
76637
76641
76645
76655
76657
76658
76660
76668
76669
76674
76677
76684
76687
76688
76691
76692
76697
76700
76702
76705
76707
76725
76728
76729
76731
76736
76739
76742
76744
76751
76761
76763
76769
76775
76776
76784
76793
76794
76805
76808
76811
76812
76815
76823
76827
76840
76841
76847
76849
76854
76863
76864
76874
76875
76886
76890
76892
76894
76895
76897
76898
76902
76906
76912
76917
76919
76920
76930
76936
76943
76945
76949
76962
76971
77107
77121
77137
77139
77145
77146
77169
77171
77183
77190
77205
77231
77247
77248
77253
77260
77264
77266
77272
77275
77276
77277
77286
77288
77292
77316
77328
77332
77336
77340
77342
77349
77350
77372
77373
77383
77390
77392
77393
77395
77406
77407
77408
77411
77412
77417
77421
77422
77425
77427
77435
77441
77445
77448
77450
77459
77465
77466
77468
77475
77493
77504
77506
77508
77522
77523
77525
77526
77530
77531
77532
77533
77535
77538
77540
77541
77556
77559
77560
77561
77569
77573
77574
77575
77577
77578
77580
77584
77586
77592
77597
77600
77603
77613
77614
77615
77621
77622
77623
77624
77628
77632
77634
77635
77636
77638
77649
77654
77659
77660
77664
77665
77672
77675
77683
77686
77700
77725
77763
77765
77767
77802
77817
77830
77832
77833
77850
77868
77882
77884
77916
77925
77927
77947
77948
77964
77970
77976
77979
77987
77988
77989
78005
78019
78043
