2360
3188
4281
4361
4861
4887
4919
4925
4929
4931
4983
4991
5038
5047
5048
5049
5052
5058
5068
5083
5106
5122
5149
5157
5161
5162
5166
5198
5202
5210
5233
5237
5239
5257
5264
5265
5287
5290
5294
5343
5348
5375
5388
5902
6111
7820
8081
9268
9398
9399
9400
9405
9416
9420
9421
9423
9433
9440
9443
9448
9449
9450
9452
9456
9467
9479
9481
9485
9487
9489
9490
9496
9497
9499
9501
9508
9509
9511
9512
9513
9515
9528
9529
9534
9536
9537
9538
9539
9540
9541
9543
9546
9547
9549
9554
9560
9561
9565
9566
9573
9576
9593
9598
9607
9612
9615
9623
9629
9632
9633
9638
9639
9640
9641
9646
9658
9667
9672
9673
9677
9680
9681
9688
9689
9692
9695
9696
9699
9700
9702
9704
9717
9719
9724
9737
9746
9749
9758
9759
9766
9782
9794
9796
9797
9801
9802
9807
9808
9827
9834
9836
9839
9843
9844
9850
9859
9865
9868
9871
9873
9875
9878
9880
9893
9926
9936
9948
9949
9951
9953
9955
9991
9992
10122
10179
10228
10230
10237
10241
10252
10265
10268
10270
10275
10276
10280
10291
10294
10295
10302
10304
10321
10324
10325
10331
10333
10334
10335
10339
10340
10345
10346
10350
10354
10361
10369
10373
10374
10375
10380
10390
10391
10392
10399
10400
10413
10416
10422
10425
10435
10438
10439
10447
10451
10455
10457
10464
10465
10469
10471
10472
10474
10475
10476
10479
10482
10483
10487
10488
10492
10502
10503
10510
10511
10516
10520
10523
10524
10527
10538
10544
10563
10567
10568
10569
10571
10575
10576
10578
10584
10588
10589
10592
10593
10595
10598
10599
10600
10603
10605
10615
10621
10629
10633
10635
10639
10642
10644
10649
10650
10659
10663
10667
10671
10678
10680
10682
10686
10687
10692
10698
10699
10701
10702
10710
10711
10714
10725
10726
10730
10731
10737
10739
10740
10751
10754
10768
10771
10776
10780
10786
10788
10789
10793
10794
10795
10813
10823
10826
10837
10845
10857
10864
10865
10877
10880
10885
10902
10918
10934
10937
10940
10965
10970
10979
10985
11255
11256
11258
11261
11265
11268
11271
11287
11293
11297
11300
11302
11304
11307
11319
11322
11329
11331
11332
11333
11343
11346
11347
11349
11351
11352
11353
11358
11359
11363
11370
11373
11376
11393
11411
11412
11414
11417
11420
11423
11424
11426
11428
11430
11433
11434
11436
11438
11455
11462
11470
11472
11476
11478
11479
11487
11494
11496
11499
11500
11505
11506
11508
11510
11514
11515
11532
11539
11540
11541
11544
11551
11554
11561
11564
11573
11580
11585
11593
11597
11599
11603
11621
11625
11636
11638
11639
11641
11642
11647
11650
11654
11657
11659
11666
11669
11673
11679
11685
11692
11693
11694
11703
11705
11710
11714
11718
11719
11720
11724
11726
11731
11733
11739
11742
11746
11747
11750
11764
11765
11768
11775
11781
11786
11787
11788
11795
11801
11813
11815
11818
11832
11835
11840
11841
11843
11851
11863
11867
11874
11875
11877
11880
11884
11885
11888
11894
11897
11906
11912
11923
11927
11930
11933
11942
11945
11947
11967
11970
11971
11974
11978
11981
11982
11983
11988
11995
12004
12007
12017
12050
12061
12094
12241
12272
12274
12275
12277
12284
12286
12288
12292
12294
12297
12298
12299
12300
12301
12302
12307
12312
12317
12321
12323
12325
12327
12330
12331
12339
12340
12342
12345
12346
12347
12356
12365
12366
12376
12377
12380
12383
12387
12391
12394
12397
12398
12402
12409
12412
12418
12420
12421
12427
12428
12431
12432
12434
12443
12446
12456
12457
12458
12461
12463
12469
12470
12472
12474
12477
12480
12489
12492
12493
12495
12502
12505
12506
12509
12511
12513
12514
12520
12521
12527
12531
12537
12538
12539
12543
12545
12548
12549
12560
12562
12564
12567
12568
12570
12575
12576
12579
12580
12581
12583
12585
12587
12589
12595
12596
12605
12607
12610
12614
12621
12623
12625
12626
12629
12631
12633
12640
12641
12643
12646
12649
12659
12660
12661
12666
12672
12675
12676
12677
12678
12680
12683
12689
12690
12691
12692
12693
12695
12696
12698
12702
12703
12708
12709
12710
12716
12723
12724
12733
12738
12741
12742
12745
12748
12755
12757
12766
12767
12769
12772
12773
12775
12780
12785
12788
12790
12793
12797
12798
12807
12808
12809
12811
12815
12816
12819
12830
12839
12840
12849
12851
12852
12854
12870
12874
12885
12886
12891
12894
12896
12900
12907
12910
12913
12919
12925
12931
12933
12935
12945
12951
12954
12957
12960
12971
12974
12977
12980
12985
12988
12995
12996
13000
13001
13006
13010
13013
13021
13025
13028
13029
13033
13037
13038
13044
13047
13048
13050
13052
13056
13059
13060
13064
13097
13132
13134
13144
13214
13250
13276
13284
13301
13345
13348
13355
13360
13379
13387
13399
13401
13421
13423
13426
13432
13433
13437
13439
13442
13451
13456
13479
13481
13487
13492
13494
13500
13503
13509
13519
13521
13529
13537
13541
13542
13577
13582
13594
13595
13599
13619
13621
13626
13631
13635
13640
13643
13658
13659
13664
13667
13671
13672
13679
13682
13685
13688
13691
13697
13699
13703
13707
13710
13726
13731
13733
13736
13747
13750
13754
13757
13758
13766
13770
13771
13775
13785
13791
13801
13803
13807
13811
13813
13820
13843
13856
13858
13869
13878
13881
13882
13887
13896
13906
13909
13911
13912
13913
13914
13915
13923
13924
13932
13945
13952
13961
13964
13970
13972
13998
14002
14004
14008
14016
14020
14021
14033
14038
14049
14051
14054
14058
14066
14076
14078
14082
14086
14087
14112
14132
14134
14147
14329
14332
14408
14588
14611
14720
15140
15145
15155
15159
15160
15161
15162
15163
15167
15168
15169
15170
15174
15179
15202
15209
15213
15246
15250
15255
15257
15296
15298
15305
15315
15348
15351
15354
15363
15384
15397
15398
15399
15400
15441
15443
15445
15446
15448
15458
15491
15499
15500
15501
15502
15503
15528
15555
15563
15598
15607
15909
15913
15916
15918
15920
15921
15924
15930
15931
15932
15933
15936
15937
15938
15941
15942
15944
15964
15966
15967
15969
15971
15973
15974
15980
15983
15985
15986
15987
16004
16005
16007
16008
16009
16010
16014
16017
16039
16040
16041
16047
16048
16062
16066
16086
16088
16106
16129
16134
16168
16169
16170
16178
16209
16210
16211
16216
16232
16233
16234
16238
16240
16269
16370
16541
16630
16633
16634
16635
16637
16638
16639
16641
16642
16643
16645
16647
16648
16649
16650
16652
16654
16656
16658
16663
16664
16665
16667
16672
16673
16674
16675
16676
16677
16679
16682
16685
16686
16687
16688
16689
16690
16691
16693
16694
16696
16698
16702
16704
16706
16708
16714
16716
16719
16721
16729
16735
16737
16755
16756
16758
16759
16760
16761
16762
16763
16764
16765
16766
16768
16769
16770
16771
16772
16774
16780
16786
16787
16790
16794
16798
16803
16805
16808
16816
16818
16821
16823
16825
16829
16830
16831
16834
16835
16836
16837
16839
16840
16841
16842
16844
16848
16849
16850
16851
16852
16853
16855
16857
16863
16866
16867
16878
16882
16883
16885
16888
16892
16893
16894
16895
16896
16897
16898
16900
16901
16902
16903
16912
16913
16915
16919
16920
16923
16924
16926
16927
16934
16935
16936
16939
16941
16942
16943
16944
16947
16948
16950
16951
16952
16954
16958
16961
16964
16971
16972
16973
16974
16976
16977
16978
16979
16981
16982
16985
16991
16992
16993
16994
16995
16997
16998
16999
17001
17003
17005
17008
17011
17014
17016
17017
17018
17021
17028
17029
17030
17031
17033
17035
17046
17048
17049
17051
17054
17055
17059
17060
17071
17076
17098
17122
17180
17188
17224
17240
17242
17245
17246
17247
17248
17249
17250
17251
17255
17260
17261
17263
17268
17271
17274
17275
17276
17277
17278
17284
17288
17290
17292
17294
17298
17300
17303
17304
17305
17306
17308
17310
17313
17316
17321
17324
17329
17330
17331
17332
17333
17336
17337
17338
17340
17342
17345
17347
17348
17349
17351
17357
17360
17361
17362
17363
17365
17366
17367
17368
17369
17370
17371
17372
17373
17375
17376
17377
17379
17385
17398
17404
17405
17407
17408
17412
17413
17416
17419
17421
17425
17428
17436
17443
17445
17447
17448
17450
17452
17453
17458
17474
17479
17489
17490
17491
17492
17493
17504
17507
17508
17510
17511
17512
17513
17515
17525
17533
17534
17536
17537
17538
17539
17540
17541
17542
17543
17545
17546
17549
17550
17551
17556
17557
17558
17559
17562
17563
17567
17572
17596
17599
17600
17604
17609
17611
17612
17617
17618
17619
17621
17622
17623
17624
17629
17630
17631
17632
17636
17647
17651
17653
17656
17658
17659
17660
17662
17663
17665
17672
17675
17676
17677
17678
17679
17681
17695
17696
17702
17703
17705
17710
17711
17714
17715
17716
17720
17721
17723
17725
17729
17737
17738
17747
17753
17754
17755
17758
17760
17761
17762
17764
17766
17768
17769
17770
17774
17783
17792
17795
17796
17798
17800
17810
17811
17814
17827
17829
17834
17837
17839
17841
17844
17845
17847
17849
17851
17852
17855
17866
17872
17875
17888
17892
17899
17903
17904
17907
17908
17910
17911
17912
17913
17917
17918
17919
17930
17934
17935
17944
17945
17947
17948
17951
17955
17975
17984
17985
17986
18001
18062
18135
18193
18202
18214
18215
18222
18223
18225
18259
18424
18489
18513
18537
18556
18592
18630
18710
18771
18798
18801
18845
18871
18892
18912
18955
19018
19026
19052
19119
19125
19206
19249
19280
19465
19468
19470
19473
19475
19478
19479
19482
19485
19488
19489
19493
19495
19496
19500
19502
19504
19505
19506
19508
19510
19518
19521
19526
19527
19529
19536
19538
19542
19544
19546
19547
19549
19554
19558
19561
19571
19577
19578
19580
19585
19589
19590
19594
19597
19598
19599
19600
19606
19610
19616
19617
19618
19621
19622
19624
19631
19632
19643
19645
19647
19648
19649
19651
19652
19655
19657
19658
19666
19668
19675
19681
19683
19685
19687
19691
19699
19700
19703
19708
19710
19718
19720
19721
19724
19726
19733
19737
19740
19741
19748
19750
19752
19753
19754
19755
19762
19766
19769
19800
19806
19808
19813
19815
19820
19823
19826
19827
19835
19836
19837
19842
19843
19844
19847
19852
19857
19861
19870
19882
19887
19891
19901
19906
19907
19908
19912
19913
19915
19922
19923
19927
19931
19940
19946
19952
19954
19959
19960
19962
19963
19966
19967
19969
19971
19972
19975
19983
19998
20012
20013
20014
20018
20020
20022
20023
20024
20025
20028
20030
20034
20049
20057
20068
20072
20076
20077
20084
20085
20088
20094
20098
20101
20105
20111
20114
20116
20119
20120
20124
20125
20128
20129
20131
20132
20142
20154
20157
20161
20162
20164
20170
20183
20188
20192
20195
20196
20197
20199
20200
20202
20205
20207
20215
20217
20220
20222
20223
20224
20230
20231
20234
20236
20237
20239
20240
20246
20250
20251
20256
20258
20260
20261
20269
20270
20271
20274
20278
20279
20282
20284
20286
20288
20291
20298
20306
20307
20327
20328
20340
20353
20354
20356
20358
20365
20382
20391
20394
20439
20448
20454
20472
20487
20531
20629
20661
20666
20670
20671
20676
20683
20684
20685
20686
20687
20689
20692
20693
20694
20697
20698
20700
20701
20703
20712
20714
20718
20724
20729
20730
20732
20735
20736
20739
20740
20748
20757
20761
20766
20772
20773
20781
20782
20783
20786
20790
20791
20793
20796
20798
20800
20805
20809
20810
20816
20817
20820
20823
20824
20825
20827
20828
20829
20830
20831
20836
20837
20839
20840
20841
20842
20849
20859
20862
20875
20877
20880
20884
20894
20895
20901
20903
20907
20910
20912
20913
20915
20918
20920
20923
20930
20942
20946
20947
20948
20949
20950
20951
20954
20955
20956
20958
20959
20960
20962
20968
20970
20976
20977
20979
20980
20983
20984
20987
20989
20990
20991
21001
21002
21005
21017
21026
21027
21031
21032
21034
21035
21038
21040
21042
21047
21050
21051
21055
21057
21059
21060
21062
21064
21072
21073
21074
21076
21086
21087
21088
21093
21096
21097
21098
21104
21108
21112
21115
21116
21119
21128
21129
21133
21137
21142
21156
21158
21159
21160
21163
21164
21169
21170
21175
21177
21183
21185
21186
21189
21191
21195
21196
21197
21198
21199
21205
21212
21214
21216
21221
21222
21223
21227
21233
21236
21237
21238
21244
21256
21257
21260
21261
21265
21266
21267
21268
21269
21270
21271
21272
21274
21276
21277
21278
21281
21282
21284
21285
21286
21295
21302
21310
21311
21314
21319
21323
21325
21326
21327
21328
21329
21334
21342
21345
21348
21351
21352
21354
21359
21362
21368
21369
21370
21371
21372
21373
21375
21379
21383
21388
21389
21390
21408
21415
21421
21426
21427
21432
21441
21442
21445
21447
21448
21450
21452
21462
21467
21471
21476
21483
21506
21510
21536
21542
21581
21618
21681
21709
21710
21711
21716
21717
21719
21723
21727
21728
21729
21730
21733
21737
21739
21740
21741
21743
21747
21748
21749
21751
21754
21755
21757
21758
21759
21762
21763
21766
21767
21768
21770
21773
21775
21778
21779
21780
21781
21782
21790
21793
21794
21797
21802
21803
21804
21806
21807
21809
21810
21813
21815
21817
21818
21819
21820
21821
21822
21823
21825
21827
21829
21837
21840
21841
21845
21849
21850
21858
21859
21860
21864
21865
21867
21870
21871
21873
21875
21877
21880
21884
21889
21890
21892
21894
21896
21898
21899
21905
21907
21908
21914
21915
21916
21918
21921
21922
21923
21930
21948
21950
21952
21953
21954
21955
21958
21960
21961
21963
21965
21966
21969
21970
21971
21975
21978
21979
21980
21982
21983
21984
21985
21986
21987
21991
21992
21994
21999
22001
22003
22010
22011
22012
22016
22018
22020
22022
22023
22030
22031
22034
22035
22037
22038
22039
22043
22044
22045
22050
22053
22056
22057
22058
22060
22063
22068
22071
22073
22074
22076
22080
22083
22084
22090
22091
22092
22094
22098
22100
22101
22102
22103
22105
22108
22109
22112
22115
22119
22122
22123
22127
22129
22132
22136
22139
22141
22143
22145
22146
22147
22151
22153
22158
22159
22160
22162
22167
22168
22169
22170
22174
22177
22179
22180
22183
22184
22185
22186
22188
22189
22192
22195
22197
22202
22204
22210
22229
22230
22234
22245
22258
22264
22266
22275
22278
22340
22368
22446
22530
22535
22537
22551
22554
22555
22559
22561
22563
22564
22565
22569
22571
22573
22574
22581
22582
22589
22591
22610
22613
22619
22622
22623
22625
22628
22635
22639
22645
22647
22649
22656
22657
22659
22666
22668
22670
22674
22678
22679
22684
22686
22687
22689
22690
22691
22693
22695
22697
22698
22700
22703
22705
22707
22710
22711
22712
22718
22728
22729
22732
22735
22736
22738
22739
22741
22742
22746
22747
22749
22751
22752
22754
22759
22762
22766
22767
22768
22770
22774
22776
22777
22784
22786
22787
22788
22791
22793
22794
22800
22802
22803
22804
22807
22825
22832
22833
22834
22836
22837
22839
22842
22845
22847
22848
22853
22854
22855
22857
22858
22859
22861
22862
22863
22865
22867
22868
22870
22871
22873
22874
22875
22876
22877
22878
22879
22880
22882
22883
22887
22888
22890
22891
22892
22893
22894
22896
22898
22904
22906
22907
22909
22911
22912
22913
22914
22915
22919
22921
22927
22928
22932
22933
22935
22942
22943
22945
22952
22957
22959
22961
22962
22963
22967
22968
22969
22973
22974
22975
22978
22979
22981
22982
22983
22984
22987
22989
22993
22996
23002
23003
23007
23010
23012
23019
23022
23023
23025
23026
23029
23033
23035
23037
23039
23042
23043
23047
23048
23058
23060
23065
23070
23071
23086
23087
23090
23092
23102
23103
23105
23106
23110
23112
23115
23126
23128
23130
23131
23134
23136
23140
23141
23144
23145
23146
23147
23153
23154
23168
23169
23180
23182
23184
23187
23189
23193
23209
23211
23235
23245
23276
23282
23463
23470
23477
23482
23487
23489
23491
23493
23495
23497
23498
23500
23510
23516
23517
23519
23521
23523
23531
23535
23537
23543
23544
23547
23548
23550
23556
23557
23559
23561
23563
23564
23566
23571
23573
23577
23582
23583
23585
23593
23598
23601
23604
23605
23606
23607
23608
23609
23614
23616
23619
23620
23621
23625
23626
23627
23631
23636
23637
23639
23640
23642
23647
23650
23651
23652
23653
23655
23656
23657
23658
23662
23663
23673
23676
23678
23680
23686
23689
23692
23693
23699
23700
23701
23703
23704
23705
23706
23709
23711
23712
23717
23718
23719
23720
23721
23722
23726
23729
23731
23733
23734
23736
23738
23739
23741
23742
23743
23744
23747
23756
23758
23761
23767
23769
23771
23775
23779
23785
23792
23793
23800
23801
23802
23803
23804
23805
23807
23809
23810
23811
23815
23816
23817
23819
23820
23822
23839
23840
23841
23843
23845
23848
23849
23850
23859
23865
23871
23877
23882
23888
23895
23897
23898
23900
23901
23903
23904
23906
23909
23910
23915
23917
23925
23933
23936
23939
23941
23942
23945
23947
23949
23951
23952
23953
23955
23956
23957
23964
23965
23966
23967
23969
23970
23972
23973
23975
23976
23979
23983
23984
23985
23990
23994
23995
23997
23999
24003
24004
24005
24006
24007
24008
24009
24010
24011
24013
24018
24019
24020
24022
24025
24026
24030
24031
24033
24035
24039
24053
24061
24063
24068
24069
24070
24072
24076
24077
24079
24081
24082
24084
24085
24087
24089
24094
24096
24098
24107
24109
24111
24112
24113
24115
24117
24119
24124
24129
24131
24135
24143
24144
24145
24148
24153
24156
24157
24158
24160
24162
24163
24164
24169
24176
24187
24194
24196
24197
24198
24201
24205
24209
24210
24214
24242
24251
24255
24261
24263
24305
24375
24396
24559
24580
24616
24617
24619
24624
24652
24659
24714
24716
24722
24751
24760
24763
24768
24770
24771
24782
24818
24822
24831
24833
24837
24840
24848
24884
24892
24893
24920
24921
24924
24929
24930
24933
24957
24962
24979
24986
24989
25010
25011
25014
25041
25047
25265
25275
25282
25288
25291
25298
25301
25304
25305
25317
25320
25323
25398
25406
25407
25411
25415
25430
25434
25438
25463
25518
25520
25550
25551
25584
25595
25645
25649
25653
25678
25703
25710
25711
25733
25863
25887
25971
25984
25986
25987
25990
25995
26008
26009
26010
26017
26026
26027
26029
26030
26046
26059
26061
26085
26107
26108
26129
26259
26440
26441
26443
26445
26447
26449
26451
26453
26458
26460
26467
26468
26473
26474
26478
26484
26485
26487
26488
26489
26494
26495
26498
26513
26515
26516
26519
26523
26524
26525
26530
26538
26539
26540
26541
26542
26543
26544
26546
26547
26548
26549
26550
26551
26554
26557
26559
26563
26564
26567
26572
26573
26574
26575
26576
26577
26580
26588
26589
26590
26592
26594
26596
26597
26601
26606
26607
26609
26610
26611
26612
26618
26620
26622
26628
26631
26633
26643
26645
26648
26678
26689
26696
26700
26702
26705
26721
26728
26729
26730
26734
26736
26737
26739
26741
26744
26746
26749
26751
26754
26755
26758
26760
26764
26765
26767
26770
26771
26776
26778
26779
26780
26781
26784
26787
26789
26793
26795
26798
26799
26800
26801
26804
26805
26806
26807
26808
26809
26811
26815
26818
26819
26820
26827
26829
26830
26831
26832
26834
26835
26836
26837
26840
26843
26844
26846
26848
26853
26855
26864
26867
26870
26871
26874
26880
26882
26888
26889
26890
26895
26898
26899
26900
26902
26909
26912
26917
26922
26924
26925
26932
26934
26939
26940
26942
26945
26947
26951
26954
26957
26959
26964
26971
26972
26973
26974
26975
26978
26979
26984
26986
26989
26990
26993
26996
26999
27001
27006
27007
27009
27012
27013
27014
27017
27021
27025
27026
27031
27033
27034
27036
27037
27038
27043
27044
27046
27047
27049
27051
27052
27054
27061
27065
27072
27074
27081
27083
27084
27091
27095
27096
27097
27098
27099
27100
27101
27102
27103
27104
27105
27107
27109
27111
27112
27114
27116
27117
27118
27121
27125
27126
27127
27130
27131
27135
27140
27157
27158
27159
27161
27163
27165
27167
27170
27172
27173
27175
27176
27177
27180
27181
27183
27187
27189
27191
27194
27200
27201
27202
27208
27211
27216
27218
27219
27221
27223
27224
27226
27227
27230
27232
27233
27235
27239
27240
27242
27247
27253
27257
27261
27262
27274
27275
27277
27282
27283
27285
27286
27287
27288
27290
27292
27293
27299
27301
27304
27305
27308
27309
27310
27311
27312
27315
27316
27324
27325
27326
27331
27336
27337
27338
27339
27340
27341
27342
27343
27345
27346
27347
27350
27354
27356
27357
27360
27362
27363
27365
27368
27377
27378
27384
27387
27388
27395
27397
27398
27399
27400
27415
27419
27429
27435
27442
27445
27447
27451
27452
27453
27455
27457
27458
27459
27462
27465
27466
27467
27469
27470
27471
27476
27480
27484
27491
27501
27508
27514
27574
27739
27747
27753
27756
27757
27758
27765
27771
27772
27773
27778
27787
27788
27789
27791
27792
27793
27802
27808
27823
27827
27832
27833
27834
27835
27837
27838
27847
27848
27850
27854
27859
27862
27864
27866
27867
27874
27875
27877
27878
27880
27888
27890
27896
27898
27899
27900
27913
27923
27928
27933
27954
27955
27957
27961
27965
27982
27984
27985
27989
27993
27995
28004
28005
28008
28013
28020
28021
28026
28033
28034
28035
28039
28040
28041
28044
28046
28049
28052
28053
28061
28064
28065
28068
28070
28073
28075
28084
28085
28088
28090
28095
28106
28107
28111
28115
28118
28121
28123
28125
28128
28129
28133
28140
28143
28160
28162
28172
28178
28180
28186
28190
28193
28198
28204
28210
28211
28214
28215
28224
28227
28233
28236
28238
28239
28241
28244
28245
28247
28250
28256
28275
28292
28294
28296
28299
28301
28304
28308
28309
28319
28324
28327
28331
28332
28333
28335
28339
28342
28348
28349
28350
28357
28366
28390
28391
28393
28398
28400
28403
28409
28411
28420
28422
28438
28439
28441
28448
28471
28479
28480
28484
28485
28486
28519
28555
28570
28609
28611
28612
28661
28816
28817
28819
28820
28822
28824
28827
28831
28833
28838
28854
28855
28856
28859
28860
28864
28866
28867
28869
28870
28871
28872
28875
28884
28886
28888
28890
28891
28895
28897
28901
28905
28906
28912
28913
28914
28915
28916
28918
28923
28924
28926
28935
28937
28938
28941
28943
28950
28951
28953
28954
28955
28956
28957
28958
28960
28963
28966
28967
28972
28974
28976
28980
28982
28984
28986
28988
28989
28991
28995
28996
28998
28999
29000
29001
29008
29014
29015
29016
29020
29021
29025
29026
29029
29031
29032
29033
29034
29035
29037
29038
29041
29050
29053
29057
29058
29062
29066
29067
29069
29071
29072
29075
29081
29089
29099
29104
29105
29107
29109
29115
29117
29118
29122
29125
29126
29128
29130
29132
29135
29136
29137
29140
29142
29145
29149
29150
29154
29157
29163
29165
29174
29179
29180
29182
29184
29187
29188
29190
29192
29197
29199
29201
29202
29203
29206
29209
29212
29214
29216
29217
29218
29225
29227
29233
29234
29235
29236
29238
29244
29246
29249
29250
29256
29259
29263
29264
29269
29273
29277
29278
29280
29281
29283
29293
29295
29298
29304
29305
29308
29309
29310
29311
29315
29316
29317
29320
29321
29323
29324
29326
29331
29335
29339
29347
29352
29354
29356
29357
29361
29363
29364
29365
29368
29378
29381
29382
29388
29391
29392
29401
29402
29406
29407
29410
29411
29418
29419
29431
29432
29434
29435
29436
29438
29444
29449
29451
29454
29457
29461
29462
29467
29473
29475
29477
29478
29482
29483
29486
29492
29497
29498
29505
29509
29510
29530
29534
29632
29773
29778
29779
29781
29782
29787
29790
29791
29792
29794
29797
29799
29800
29802
29803
29804
29805
29809
29811
29813
29816
29821
29827
29828
29829
29833
29834
29836
29846
29847
29849
29851
29852
29854
29857
29860
29863
29871
29873
29874
29877
29886
29887
29888
29889
29893
29894
29895
29900
29901
29903
29904
29905
29906
29911
29912
29913
29914
29915
29916
29917
29918
29919
29920
29921
29924
29926
29927
29928
29931
29936
29938
29941
29943
29948
29950
29952
29953
29955
29960
29961
29965
29969
29973
29975
29976
29979
29980
29982
29983
29984
29987
29990
29992
29993
29994
29995
29997
29998
30003
30006
30008
30010
30016
30017
30023
30026
30027
30030
30035
30037
30041
30042
30046
30050
30052
30056
30057
30059
30061
30067
30072
30074
30080
30082
30084
30085
30091
30096
30098
30101
30104
30105
30108
30115
30117
30119
30121
30123
30124
30125
30126
30127
30128
30129
30130
30131
30135
30136
30139
30140
30141
30142
30143
30144
30146
30148
30150
30151
30163
30164
30165
30167
30168
30170
30171
30172
30178
30182
30183
30184
30185
30191
30193
30198
30206
30211
30214
30216
30219
30222
30234
30235
30236
30239
30240
30241
30242
30248
30252
30253
30255
30258
30265
30270
30272
30274
30275
30277
30278
30282
30283
30285
30286
30293
30294
30295
30332
30337
30381
30383
30421
30580
30582
30583
30585
30586
30593
30596
30597
30602
30603
30605
30606
30607
30613
30614
30616
30621
30627
30629
30631
30632
30633
30634
30635
30636
30637
30638
30644
30648
30649
30650
30651
30652
30654
30656
30657
30659
30661
30663
30664
30665
30667
30671
30673
30678
30680
30685
30689
30690
30693
30697
30698
30700
30703
30704
30705
30708
30711
30712
30717
30718
30720
30721
30727
30729
30737
30739
30744
30746
30748
30753
30758
30764
30766
30769
30770
30771
30773
30775
30776
30779
30780
30781
30782
30787
30788
30789
30791
30794
30795
30808
30812
30813
30816
30817
30820
30821
30822
30825
30826
30827
30828
30829
30832
30834
30836
30837
30840
30843
30847
30850
30853
30859
30861
30863
30864
30866
30867
30869
30872
30875
30876
30877
30878
30879
30882
30884
30885
30892
30894
30895
30896
30900
30907
30908
30909
30910
30913
30919
30920
30921
30924
30927
30928
30929
30931
30933
30936
30938
30943
30945
30947
30953
30961
30962
30963
30966
30968
30970
30971
30973
30974
30975
30979
30982
30983
30984
30986
30990
30996
31000
31001
31005
31007
31014
31020
31022
31025
31028
31030
31033
31034
31035
31040
31041
31043
31048
31049
31051
31055
31057
31058
31059
31060
31063
31068
31074
31076
31081
31083
31090
31096
31098
31099
31104
31105
31107
31113
31120
31130
31150
31153
31158
31175
31227
31239
31319
31378
31379
31380
31381
31383
31386
31389
31391
31393
31396
31399
31402
31406
31409
31411
31412
31413
31416
31419
31420
31428
31431
31433
31434
31447
31449
31451
31453
31459
31460
31461
31462
31464
31465
31473
31474
31475
31478
31481
31483
31484
31486
31489
31492
31495
31497
31499
31500
31501
31502
31504
31507
31511
31512
31515
31519
31531
31539
31540
31541
31542
31544
31545
31546
31563
31564
31570
31571
31572
31575
31577
31579
31580
31583
31584
31587
31593
31594
31596
31602
31606
31614
31615
31617
31618
31620
31622
31623
31626
31627
31628
31631
31633
31634
31636
31643
31644
31647
31649
31652
31653
31654
31655
31657
31660
31661
31662
31666
31671
31682
31683
31685
31689
31692
31700
31706
31710
31711
31716
31722
31724
31727
31729
31730
31732
31739
31745
31755
31756
31757
31761
31768
31770
31771
31772
31773
31774
31776
31780
31781
31783
31792
31794
31795
31797
31807
31810
31811
31812
31813
31817
31822
31823
31824
31833
31834
31841
31842
31843
31844
31850
31852
31856
31858
31862
31870
31871
31874
31876
31881
31882
31883
31885
31886
31888
31889
31891
31897
31898
31905
31907
31909
31911
31913
31914
31922
31924
31925
31931
31933
31934
31938
31939
31947
31950
31951
31952
31954
31955
31959
31963
31968
31969
31971
31974
31975
31976
31982
31983
31986
31988
31989
31990
31991
31998
31999
32001
32017
32021
32027
32035
32036
32037
32038
32040
32047
32053
32054
32085
32088
32107
32113
32139
32142
32156
32195
32198
32217
32244
32340
32345
32346
32348
32349
32353
32355
32356
32371
32373
32376
32379
32381
32382
32385
32387
32399
32403
32404
32407
32409
32410
32411
32413
32418
32423
32428
32429
32434
32435
32444
32458
32464
32465
32475
32476
32478
32479
32481
32482
32496
32509
32515
32519
32526
32536
32537
32542
32545
32571
32575
32577
32579
32582
32583
32586
32589
32590
32593
32594
32601
32606
32607
32624
32630
32631
32632
32636
32637
32642
32669
32671
32672
32679
32686
32687
32688
32693
32694
32707
32709
32718
32720
32731
32733
32736
32740
32741
32742
32743
32744
32745
32746
32747
32752
32753
32755
32761
32765
32771
32774
32776
32777
32778
32787
32792
32798
32807
32809
32810
32811
32813
32825
32831
32840
32844
32846
32862
32865
32869
32873
32879
32881
32888
32893
32897
32902
32909
32913
32914
32917
32918
32921
32923
32926
32927
32941
32945
32948
32953
32955
32956
32959
32962
32965
32967
32968
32969
32977
32984
32986
32989
32994
33000
33001
33004
33005
33007
33015
33024
33025
33035
33040
33043
33046
33048
33055
33057
33069
33077
33078
33079
33083
33084
33098
33109
33111
33112
33120
33121
33124
33125
33128
33130
33131
33134
33141
33153
33171
33172
33175
33176
33177
33187
33194
33198
33204
33238
33245
33248
33253
33259
33262
33336
33337
33541
33544
33546
33554
33566
33571
33572
33576
33579
33591
33592
33597
33599
33603
33606
33607
33615
33624
33625
33627
33628
33634
33636
33642
33643
33646
33648
33652
33653
33670
33673
33679
33684
33695
33697
33698
33699
33700
33701
33703
33716
33718
33721
33722
33723
33728
33730
33737
33738
33743
33746
33749
33751
33758
33759
33760
33762
33763
33766
33770
33782
33784
33785
33811
33823
33828
33832
33840
33843
33845
33847
33852
33853
33855
33856
33860
33864
33865
33868
33875
33881
33903
33905
33906
33911
33912
33916
33920
33929
33931
33952
33965
33966
33970
33975
33977
33979
33989
33990
33998
33999
34005
34011
34012
34019
34025
34026
34027
34028
34031
34034
34037
34042
34051
34057
34066
34068
34071
34072
34073
34082
34086
34089
34090
34092
34096
34097
34106
34107
34129
34132
34135
34140
34141
34142
34143
34147
34149
34150
34153
34156
34174
34181
34185
34187
34195
34206
34213
34228
34229
34231
34238
34239
34244
34257
34262
34265
34290
34299
34303
34305
34306
34308
34312
34313
34315
34322
34333
34339
34343
34352
34354
34369
34371
34384
34411
34423
34424
34426
34541
34641
34653
34659
34662
34668
34669
34672
34689
34695
34696
34700
34705
34710
34711
34715
34716
34718
34719
34722
34724
34726
34728
34729
34731
34732
34733
34735
34737
34741
34742
34747
34752
34758
34759
34763
34764
34765
34766
34767
34769
34770
34771
34772
34773
34774
34780
34787
34797
34798
34802
34804
34805
34807
34808
34811
34813
34818
34823
34825
34828
34830
34839
34846
34849
34852
34853
34856
34857
34858
34863
34864
34867
34871
34875
34877
34882
34884
34887
34888
34890
34891
34892
34893
34894
34896
34899
34901
34905
34906
34907
34911
34912
34913
34915
34917
34926
34930
34933
34935
34938
34941
34943
34944
34948
34950
34955
34956
34957
34959
34960
34964
34968
34972
34973
34979
34986
34987
34990
34996
34999
35000
35002
35004
35005
35006
35013
35015
35016
35018
35019
35020
35022
35023
35032
35034
35041
35043
35045
35050
35052
35053
35056
35060
35062
35063
35064
35066
35068
35072
35082
35090
35093
35094
35095
35096
35097
35099
35101
35102
35103
35105
35106
35107
35109
35113
35115
35116
35118
35129
35130
35132
35134
35136
35137
35141
35142
35143
35144
35147
35148
35150
35154
35164
35165
35170
35172
35173
35174
35179
35180
35183
35184
35185
35186
35187
35188
35189
35193
35194
35195
35196
35197
35201
35206
35208
35209
35210
35212
35213
35214
35217
35218
35220
35222
35223
35225
35227
35231
35235
35237
35246
35247
35248
35250
35251
35252
35255
35257
35271
35281
35282
35285
35286
35288
35289
35292
35296
35299
35334
35516
35517
35525
35527
35532
35533
35536
35538
35540
35542
35544
35547
35548
35549
35550
35552
35553
35556
35558
35559
35564
35565
35566
35567
35571
35576
35577
35579
35582
35587
35588
35589
35590
35592
35593
35596
35597
35598
35600
35602
35605
35607
35608
35610
35613
35615
35619
35621
35622
35626
35632
35637
35641
35646
35649
35651
35653
35655
35658
35660
35662
35663
35666
35671
35672
35675
35676
35678
35682
35687
35688
35689
35690
35693
35694
35695
35705
35707
35708
35711
35712
35713
35720
35721
35722
35726
35727
35729
35731
35732
35733
35734
35736
35737
35740
35748
35749
35752
35753
35754
35755
35756
35758
35762
35763
35765
35766
35773
35776
35777
35778
35780
35783
35784
35786
35787
35788
35789
35791
35800
35804
35805
35807
35809
35814
35816
35819
35820
35821
35825
35830
35831
35839
35840
35841
35845
35846
35847
35850
35853
35859
35860
35861
35862
35865
35867
35872
35873
35874
35880
35881
35882
35883
35885
35888
35893
35903
35904
35905
35906
35908
35911
35914
35930
35938
35980
36048
36049
36051
36052
36055
36056
36058
36059
36060
36061
36062
36063
36065
36066
36072
36074
36076
36080
36081
36087
36088
36089
36090
36091
36094
36096
36097
36099
36101
36102
36105
36106
36108
36113
36114
36115
36116
36119
36124
36125
36128
36130
36132
36135
36136
36144
36150
36151
36154
36155
36159
36161
36165
36166
36168
36172
36174
36179
36181
36193
36203
36208
36209
36211
36256
36257
36258
36262
36263
36264
36265
36268
36270
36274
36275
36276
36277
36278
36280
36284
36285
36290
36291
36292
36293
36299
36300
36301
36302
36305
36306
36309
36310
36314
36315
36316
36318
36319
36320
36321
36324
36328
36330
36331
36332
36334
36339
36340
36341
36342
36345
36349
36351
36352
36353
36354
36355
36356
36357
36358
36359
36360
36362
36363
36364
36365
36367
36368
36369
36370
36371
36378
36386
36388
36389
36390
36391
36392
36393
36394
36395
36396
36398
36399
36400
36401
36403
36405
36407
36409
36410
36411
36412
36419
36420
36421
36423
36424
36425
36430
36431
36432
36435
36437
36438
36440
36441
36442
36445
36446
36453
36457
36459
36461
36462
36463
36465
36467
36469
36470
36471
36472
36473
36474
36475
36477
36478
36479
36480
36482
36483
36484
36485
36486
36492
36498
36499
36500
36501
36503
36506
36507
36511
36517
36518
36519
36520
36521
36523
36524
36525
36526
36531
36533
36535
36537
36538
36539
36540
36543
36545
36546
36547
36550
36551
36552
36553
36554
36555
36556
36557
36558
36559
36560
36561
36562
36565
36569
36570
36572
36573
36574
36575
36576
36577
36579
36582
36586
36587
36589
36592
36593
36596
36598
36599
36602
36603
36605
36606
36607
36612
36614
36616
36617
36619
36620
36622
36623
36624
36625
36628
36630
36632
36633
36634
36641
36642
36643
36644
36645
36648
36650
36651
36652
36653
36657
36658
36659
36662
36663
36664
36665
36666
36667
36669
36670
36671
36673
36675
36676
36678
36679
36680
36684
36685
36686
36693
36695
36697
36699
36701
36704
36707
36708
36709
36711
36712
36714
36715
36717
36719
36729
36732
36736
36737
36740
36742
36749
36751
36752
36753
36755
36756
36757
36761
36764
36766
36779
36780
36783
36784
36791
36806
36807
36808
36811
36822
36824
36833
36906
37043
37044
37055
37059
37066
37067
37068
37071
37073
37077
37080
37081
37086
37087
37089
37090
37091
37092
37093
37095
37096
37099
37104
37106
37107
37113
37114
37117
37118
37119
37120
37121
37122
37123
37127
37128
37132
37134
37137
37140
37143
37147
37152
37159
37163
37169
37171
37172
37173
37174
37176
37177
37180
37182
37183
37184
37187
37189
37192
37194
37196
37201
37205
37206
37207
37209
37212
37214
37215
37216
37220
37222
37224
37228
37229
37231
37232
37235
37236
37237
37238
37239
37241
37244
37245
37248
37249
37254
37255
37258
37260
37261
37262
37263
37264
37265
37266
37268
37269
37270
37271
37272
37273
37276
37277
37278
37279
37281
37282
37283
37284
37287
37288
37291
37296
37300
37301
37302
37303
37305
37306
37307
37319
37321
37323
37325
37327
37328
37329
37330
37335
37336
37337
37339
37341
37343
37344
37345
37346
37349
37350
37351
37358
37359
37363
37367
37368
37370
37372
37373
37374
37375
37376
37377
37379
37382
37383
37384
37386
37388
37389
37390
37393
37394
37395
37396
37397
37400
37402
37403
37404
37405
37406
37407
37408
37409
37415
37416
37417
37418
37419
37422
37427
37429
37434
37435
37436
37437
37443
37444
37446
37447
37448
37451
37453
37454
37458
37462
37468
37469
37470
37471
37474
37477
37478
37480
37481
37482
37484
37494
37497
37500
37501
37503
37504
37506
37507
37508
37509
37511
37516
37519
37523
37524
37526
37528
37529
37530
37533
37537
37539
37540
37541
37542
37543
37546
37547
37551
37552
37553
37554
37555
37556
37557
37558
37559
37560
37561
37562
37563
37565
37566
37568
37570
37574
37576
37577
37582
37583
37584
37586
37590
37591
37594
37595
37596
37599
37605
37606
37607
37608
37610
37612
37613
37617
37618
37619
37620
37627
37630
37634
37636
37637
37638
37640
37642
37643
37644
37645
37647
37648
37649
37651
37653
37654
37657
37658
37660
37662
37663
37667
37668
37669
37670
37671
37676
37677
37680
37681
37683
37684
37687
37689
37690
37691
37692
37693
37695
37697
37698
37702
37708
37709
37713
37719
37720
37722
37723
37724
37727
37729
37730
37736
37737
37741
37743
37744
37749
37751
37756
37791
37807
37809
37820
37821
37900
38018
38024
38025
38031
38043
38044
38046
38054
38057
38064
38065
38066
38068
38081
38087
38096
38098
38099
38102
38106
38108
38109
38115
38116
38118
38121
38122
38123
38124
38128
38134
38136
38143
38144
38148
38152
38157
38159
38160
38161
38164
38166
38168
38169
38170
38174
38175
38176
38178
38180
38183
38191
38192
38196
38198
38200
38201
38203
38207
38211
38212
38213
38216
38221
38225
38228
38229
38231
38232
38235
38238
38239
38242
38244
38245
38246
38248
38249
38253
38255
38256
38258
38266
38267
38268
38270
38276
38283
38286
38287
38290
38291
38295
38297
38304
38306
38308
38309
38310
38313
38316
38317
38319
38326
38328
38331
38332
38334
38336
38339
38342
38344
38345
38346
38351
38353
38354
38355
38356
38360
38363
38369
38372
38373
38377
38384
38386
38387
38390
38394
38396
38397
38401
38402
38403
38405
38408
38411
38412
38413
38415
38416
38417
38422
38425
38429
38430
38431
38434
38435
38436
38438
38441
38442
38443
38447
38450
38451
38453
38454
38455
38457
38460
38461
38462
38473
38482
38484
38485
38488
38492
38494
38497
38498
38499
38501
38502
38503
38511
38512
38513
38516
38518
38520
38525
38529
38531
38533
38534
38535
38536
38538
38540
38545
38547
38549
38550
38556
38558
38559
38561
38562
38563
38568
38569
38570
38571
38573
38575
38577
38579
38580
38581
38586
38589
38591
38593
38594
38595
38596
38597
38599
38600
38601
38602
38604
38607
38610
38612
38613
38616
38618
38620
38624
38627
38632
38633
38635
38637
38643
38644
38646
38648
38649
38652
38655
38658
38659
38660
38661
38666
38669
38671
38672
38675
38678
38679
38680
38682
38683
38684
38685
38686
38687
38689
38692
38694
38695
38701
38703
38704
38706
38707
38708
38710
38714
38717
38719
38721
38724
38730
38732
38733
38735
38737
38740
38741
38742
38743
38744
38748
38749
38752
38754
38757
38759
38762
38764
38768
38771
38773
38774
38775
38777
38778
38780
38782
38784
38786
38790
38794
38799
38800
38801
38803
38805
38807
38808
38810
38815
38817
38818
38819
38821
38822
38824
38828
38829
38830
38833
38836
38839
38844
38845
38849
38850
38854
38861
38864
38865
38868
38881
38895
38896
38926
38936
38991
38995
39136
39141
39153
39154
39160
39162
39167
39169
39175
39176
39177
39182
39183
39184
39186
39187
39191
39192
39194
39195
39199
39202
39203
39211
39215
39216
39219
39221
39229
39231
39235
39236
39237
39238
39239
39240
39242
39243
39244
39245
39247
39256
39258
39260
39261
39264
39268
39274
39280
39282
39287
39288
39291
39292
39293
39294
39296
39299
39300
39307
39308
39310
39312
39318
39319
39322
39324
39327
39328
39330
39337
39342
39344
39346
39347
39350
39356
39357
39358
39365
39377
39384
39388
39389
39390
39391
39397
39400
39402
39403
39404
39405
39406
39412
39415
39417
39419
39421
39422
39423
39424
39425
39428
39431
39433
39435
39437
39442
39447
39449
39456
39459
39462
39463
39464
39465
39467
39468
39471
39472
39474
39476
39477
39481
39482
39483
39487
39490
39496
39497
39504
39511
39513
39519
39523
39524
39527
39528
39529
39530
39531
39535
39538
39539
39541
39542
39543
39544
39545
39547
39550
39552
39559
39564
39565
39566
39569
39572
39574
39575
39578
39583
39584
39586
39589
39590
39597
39599
39603
39606
39607
39610
39611
39617
39618
39619
39620
39623
39626
39627
39629
39630
39631
39632
39646
39647
39648
39651
39653
39657
39659
39660
39665
39666
39667
39669
39674
39675
39676
39677
39678
39681
39682
39687
39689
39693
39700
39701
39702
39706
39708
39712
39714
39715
39716
39718
39720
39721
39722
39724
39729
39730
39731
39732
39735
39736
39742
39749
39750
39752
39753
39754
39756
39757
39758
39760
39762
39763
39767
39768
39773
39775
39778
39779
39784
39785
39789
39790
39792
39796
39797
39801
39805
39808
39809
39812
39817
39819
39821
39822
39824
39826
39827
39828
39829
39833
39834
39835
39836
39837
39842
39845
39846
39849
39850
39852
39854
39861
39862
39865
39866
39870
39872
39873
39874
39875
39876
39877
39880
39885
39888
39894
39896
39897
39901
39907
39909
39911
39912
39913
39918
39919
39926
39927
39934
39939
39946
39947
39950
39997
40000
40011
40036
40058
40060
40195
40197
40200
40206
40210
40211
40214
40215
40217
40221
40226
40229
40230
40232
40233
40235
40237
40238
40248
40251
40253
40255
40256
40260
40263
40266
40268
40270
40275
40276
40280
40281
40284
40291
40293
40294
40297
40298
40299
40301
40304
40308
40309
40310
40314
40317
40319
40321
40324
40326
40327
40328
40329
40331
40332
40334
40336
40337
40341
40342
40343
40349
40350
40352
40355
40361
40362
40363
40364
40365
40368
40371
40376
40378
40391
40392
40396
40400
40403
40406
40407
40409
40412
40414
40416
40417
40418
40423
40425
40432
40435
40439
40440
40442
40443
40445
40449
40450
40452
40455
40456
40457
40461
40467
40468
40476
40477
40480
40482
40483
40485
40490
40491
40492
40494
40495
40498
40499
40501
40503
40504
40505
40507
40508
40511
40513
40515
40517
40518
40520
40521
40531
40532
40537
40540
40543
40544
40545
40546
40548
40550
40551
40554
40556
40558
40559
40560
40561
40562
40566
40568
40573
40574
40575
40577
40578
40580
40582
40588
40591
40592
40593
40600
40601
40603
40604
40607
40608
40612
40613
40615
40617
40618
40624
40626
40627
40631
40632
40635
40643
40647
40649
40650
40651
40652
40654
40659
40661
40663
40665
40666
40668
40674
40677
40678
40681
40684
40685
40687
40689
40693
40694
40697
40700
40702
40705
40708
40710
40711
40712
40714
40717
40721
40723
40724
40726
40727
40731
40732
40735
40739
40742
40743
40744
40747
40752
40753
40754
40761
40762
40764
40766
40768
40769
40773
40774
40776
40783
40787
40793
40794
40795
40801
40802
40803
40809
40810
40814
40815
40816
40822
40823
40825
40828
40829
40832
40838
40839
40842
40848
40849
40852
40853
40855
40858
40867
40871
40876
40882
40883
40894
40895
40900
40902
40907
40919
40921
40926
40927
40931
40937
40963
41014
41180
41184
41188
41190
41191
41192
41194
41198
41200
41203
41204
41210
41212
41213
41218
41219
41224
41233
41235
41237
41239
41243
41244
41246
41247
41248
41250
41251
41252
41253
41258
41261
41268
41271
41279
41283
41286
41296
41297
41298
41301
41305
41307
41308
41311
41317
41319
41322
41324
41327
41328
41329
41330
41332
41337
41338
41340
41341
41342
41345
41347
41352
41353
41354
41359
41372
41376
41378
41382
41384
41396
41400
41402
41404
41407
41408
41410
41413
41414
41415
41417
41419
41421
41422
41424
41425
41427
41428
41430
41434
41435
41440
41447
41449
41450
41452
41454
41455
41458
41460
41462
41464
41468
41469
41471
41473
41475
41486
41487
41488
41490
41495
41496
41497
41500
41501
41503
41504
41506
41507
41509
41510
41515
41517
41519
41520
41523
41524
41527
41531
41533
41537
41539
41540
41545
41546
41550
41551
41552
41558
41559
41560
41562
41563
41564
41565
41566
41567
41568
41571
41573
41582
41583
41585
41588
41591
41592
41596
41597
41598
41604
41608
41610
41612
41615
41617
41618
41619
41625
41626
41632
41635
41637
41638
41639
41642
41644
41647
41648
41649
41651
41654
41655
41657
41659
41660
41662
41665
41669
41672
41673
41676
41681
41682
41683
41686
41690
41696
41703
41704
41714
41718
41719
41721
41724
41725
41728
41729
41730
41732
41733
41734
41736
41739
41740
41742
41745
41748
41751
41752
41753
41765
41769
41771
41773
41778
41781
41786
41800
41801
41807
41810
41813
41816
41829
41831
41845
41848
41850
41851
41860
41861
41863
41872
41878
41881
41990
42122
42129
42132
42133
42136
42140
42145
42146
42148
42151
42153
42154
42156
42159
42160
42161
42163
42165
42173
42174
42179
42183
42185
42187
42191
42192
42193
42195
42196
42198
42200
42201
42202
42203
42210
42212
42213
42214
42217
42218
42219
42220
42222
42223
42225
42229
42230
42239
42240
42242
42246
42252
42253
42255
42256
42257
42258
42259
42262
42263
42267
42273
42274
42275
42279
42281
42286
42289
42290
42292
42295
42297
42299
42301
42302
42303
42304
42312
42313
42315
42321
42326
42328
42332
42334
42335
42342
42343
42345
42346
42347
42350
42366
42367
42369
42370
42371
42372
42373
42375
42377
42379
42380
42386
42387
42392
42395
42400
42403
42407
42408
42409
42411
42418
42421
42422
42423
42425
42426
42427
42428
42430
42432
42436
42437
42439
42441
42442
42443
42444
42447
42448
42449
42450
42452
42454
42455
42456
42461
42462
42467
42470
42471
42472
42474
42475
42482
42490
42494
42495
42496
42498
42499
42500
42501
42503
42509
42512
42513
42514
42518
42519
42523
42525
42529
42530
42534
42536
42544
42546
42549
42552
42554
42557
42561
42562
42563
42565
42568
42571
42572
42576
42577
42578
42579
42581
42583
42587
42589
42593
42595
42601
42605
42607
42609
42610
42613
42614
42616
42618
42621
42623
42624
42626
42628
42629
42632
42633
42634
42643
42644
42645
42649
42651
42652
42653
42654
42655
42657
42658
42659
42661
42662
42665
42666
42668
42675
42678
42679
42682
42686
42687
42688
42690
42692
42695
42701
42705
42706
42708
42709
42710
42713
42714
42715
42719
42722
42723
42732
42733
42735
42738
42745
42749
42754
42755
42756
42758
42759
42761
42762
42765
42767
42770
42771
42775
42776
42777
42778
42781
42785
42786
42787
42796
42797
42806
42811
42812
42820
42824
42832
42834
42842
42866
42868
43098
43099
43103
43106
43108
43113
43114
43115
43120
43121
43122
43124
43125
43127
43128
43129
43135
43136
43137
43143
43145
43147
43152
43154
43155
43156
43158
43164
43165
43166
43168
43169
43172
43173
43174
43181
43182
43192
43193
43194
43196
43197
43201
43203
43204
43207
43209
43211
43212
43213
43222
43223
43224
43230
43231
43237
43238
43240
43243
43244
43245
43246
43248
43250
43251
43254
43255
43256
43257
43260
43262
43263
43264
43266
43267
43269
43275
43276
43278
43279
43283
43284
43285
43287
43290
43291
43292
43293
43294
43295
43301
43302
43303
43310
43311
43313
43314
43315
43317
43322
43324
43331
43333
43334
43337
43349
43351
43354
43360
43361
43362
43363
43365
43366
43368
43374
43376
43377
43378
43381
43382
43383
43387
43388
43391
43392
43396
43397
43398
43400
43405
43407
43411
43413
43414
43424
43426
43428
43432
43434
43435
43438
43441
43442
43445
43446
43448
43449
43450
43452
43458
43462
43465
43466
43467
43468
43470
43474
43476
43477
43478
43482
43486
43490
43494
43496
43498
43500
43501
43504
43510
43511
43516
43518
43521
43522
43525
43527
43528
43530
43531
43532
43537
43538
43540
43544
43546
43547
43549
43552
43553
43555
43557
43558
43561
43562
43563
43564
43571
43572
43574
43581
43582
43585
43589
43590
43592
43593
43594
43596
43598
43599
43600
43604
43609
43617
43619
43624
43627
43628
43630
43636
43638
43641
43642
43645
43650
43652
43655
43657
43661
43662
43666
43670
43671
43672
43673
43674
43675
43676
43680
43682
43685
43686
43688
43690
43696
43697
43701
43703
43704
43707
43715
43716
43717
43718
43720
43722
43724
43727
43729
43735
43736
43738
43739
43740
43741
43742
43745
43747
43748
43751
43752
43753
43754
43759
43761
43763
43765
43768
43769
43770
43771
43773
43775
43776
43777
43778
43779
43786
43787
43791
43795
43796
43797
43798
43800
43802
43803
43804
43808
43811
43814
43818
43825
43827
43830
43834
43835
43838
43839
43840
43843
43852
43853
43857
43858
43861
43866
43868
43870
43875
43879
43883
43888
43889
43892
43900
43911
43914
43921
43937
44019
44115
44158
44164
44181
44185
44187
44189
44191
44194
44199
44201
44203
44204
44208
44211
44214
44215
44219
44224
44228
44229
44230
44232
44234
44237
44240
44243
44244
44245
44246
44252
44257
44259
44261
44266
44267
44268
44272
44273
44274
44276
44277
44278
44279
44280
44281
44283
44285
44286
44287
44288
44294
44298
44299
44300
44302
44303
44304
44306
44308
44309
44310
44311
44313
44314
44318
44319
44320
44321
44324
44327
44330
44332
44333
44334
44335
44336
44338
44339
44340
44341
44342
44344
44345
44347
44349
44358
44360
44362
44364
44365
44366
44369
44374
44376
44379
44381
44383
44384
44386
44387
44393
44396
44398
44399
44400
44401
44402
44404
44405
44410
44413
44417
44421
44422
44427
44428
44431
44435
44437
44438
44441
44446
44449
44450
44452
44454
44458
44459
44460
44462
44463
44468
44469
44470
44473
44476
44477
44480
44482
44486
44487
44488
44489
44490
44491
44494
44500
44501
44503
44505
44508
44510
44511
44512
44513
44517
44520
44521
44528
44529
44530
44532
44533
44534
44535
44548
44549
44550
44552
44554
44555
44557
44558
44559
44560
44561
44562
44563
44564
44565
44568
44570
44571
44572
44573
44574
44578
44579
44580
44583
44584
44587
44597
44598
44599
44600
44604
44609
44610
44612
44613
44614
44616
44618
44619
44620
44621
44622
44623
44625
44627
44628
44629
44630
44632
44633
44634
44635
44637
44638
44639
44640
44642
44643
44646
44662
44663
44667
44668
44670
44671
44672
44673
44674
44676
44679
44680
44681
44683
44684
44685
44686
44687
44688
44690
44691
44692
44693
44694
44695
44704
44707
44709
44710
44711
44712
44713
44716
44717
44721
44728
44732
44737
44741
44746
44747
44748
44751
44752
44753
44754
44757
44759
44761
44762
44763
44765
44768
44772
44779
44780
44781
44782
44784
44786
44787
44788
44789
44791
44793
44794
44795
44796
44797
44798
44799
44800
44801
44802
44805
44806
44807
44808
44810
44812
44817
44821
44822
44823
44830
44831
44833
44836
44840
44844
44849
44850
44851
44857
44858
44860
44861
44862
44866
44867
44871
44873
44874
44875
44876
44878
44879
44880
44882
44883
44888
44897
44902
44903
44904
44910
44912
44919
44936
44938
44944
44949
44950
44961
44997
45118
45165
45170
45171
45178
45185
45191
45194
45218
45222
45226
45233
45235
45241
45245
45246
45250
45253
45254
45255
45257
45258
45261
45262
45263
45264
45266
45268
45269
45271
45278
45281
45284
45285
45288
45290
45291
45296
45299
45300
45302
45304
45311
45319
45320
45321
45323
45324
45328
45330
45331
45333
45336
45338
45339
45340
45341
45343
45349
45359
45360
45362
45367
45369
45370
45374
45377
45386
45394
45395
45396
45398
45399
45400
45404
45408
45411
45413
45416
45418
45419
45423
45424
45427
45430
45431
45432
45435
45436
45437
45438
45441
45446
45448
45463
45464
45465
45466
45469
45471
45473
45474
45480
45489
45490
45492
45494
45495
45497
45501
45502
45504
45505
45506
45509
45510
45512
45517
45519
45523
45524
45538
45546
45548
45550
45553
45554
45556
45558
45559
45562
45564
45565
45571
45572
45573
45574
45576
45577
45579
45584
45586
45587
45595
45597
45598
45599
45602
45603
45604
45606
45607
45611
45612
45614
45618
45626
45628
45631
45632
45637
45639
45640
45642
45644
45646
45648
45649
45651
45654
45657
45658
45663
45665
45672
45679
45681
45683
45689
45701
45706
45712
45734
45782
45815
45826
45833
45835
45839
45852
45859
45860
45861
45864
45871
45872
45875
45880
45885
45886
45887
45892
45896
45898
45899
45900
45904
45905
45908
45915
45919
45922
45923
45930
45936
45939
45940
45943
45945
45948
45954
45960
45965
45966
45968
45970
45972
45975
45977
45978
45979
45980
45981
45984
45985
45986
45987
45990
45991
45995
46002
46007
46009
46011
46015
46018
46020
46021
46024
46026
46028
46029
46033
46035
46036
46042
46044
46049
46050
46054
46059
46062
46066
46073
46074
46075
46078
46080
46083
46086
46088
46090
46092
46097
46098
46102
46105
46106
46110
46111
46113
46114
46119
46130
46131
46135
46155
46158
46163
46164
46165
46166
46168
46169
46172
46173
46180
46181
46185
46192
46193
46196
46197
46200
46201
46208
46209
46212
46216
46218
46219
46223
46232
46234
46237
46240
46243
46244
46255
46256
46257
46259
46260
46262
46264
46267
46269
46273
46276
46278
46283
46284
46289
46293
46294
46295
46298
46302
46304
46311
46313
46315
46318
46321
46322
46323
46334
46338
46339
46342
46346
46350
46352
46356
46361
46362
46369
46374
46375
46376
46377
46383
46387
46393
46397
46398
46399
46401
46402
46406
46411
46419
46421
46422
46425
46428
46429
46433
46435
46438
46439
46441
46444
46446
46447
46449
46451
46453
46455
46462
46463
46464
46466
46470
46472
46473
46478
46480
46483
46484
46485
46486
46488
46490
46495
46500
46504
46507
46509
46518
46519
46520
46524
46525
46545
46548
46551
46554
46560
46564
46565
46566
46580
46584
46591
46599
46626
46741
46813
46817
46828
46829
46831
46844
46846
46852
46853
46854
46857
46858
46859
46861
46862
46865
46867
46869
46870
46873
46875
46878
46880
46881
46882
46883
46888
46890
46895
46900
46902
46903
46904
46906
46907
46910
46912
46916
46917
46918
46919
46925
46928
46930
46931
46937
46938
46942
46943
46946
46947
46948
46952
46957
46958
46959
46962
46965
46967
46973
46976
46981
46984
46987
46988
46990
46991
46994
46995
46997
46998
47000
47001
47003
47004
47005
47007
47008
47010
47011
47015
47016
47018
47022
47023
47024
47025
47026
47027
47030
47031
47033
47038
47039
47040
47042
47046
47052
47059
47061
47064
47066
47068
47069
47071
47074
47075
47076
47077
47080
47081
47082
47083
47085
47087
47088
47089
47090
47092
47093
47094
47095
47096
47097
47098
47099
47100
47102
47106
47110
47113
47116
47117
47118
47122
47126
47132
47134
47137
47138
47139
47141
47146
47147
47148
47149
47150
47151
47153
47157
47161
47164
47165
47166
47167
47170
47171
47173
47174
47176
47179
47181
47189
47191
47196
47197
47199
47202
47204
47205
47207
47208
47213
47215
47216
47218
47219
47221
47225
47226
47230
47231
47232
47233
47234
47235
47236
47237
47239
47240
47242
47247
47248
47250
47253
47254
47259
47263
47265
47266
47267
47269
47270
47271
47272
47273
47274
47276
47278
47283
47285
47289
47292
47295
47298
47300
47301
47304
47305
47307
47309
47310
47311
47312
47313
47315
47319
47321
47322
47324
47330
47331
47344
47346
47349
47350
47351
47352
47355
47357
47358
47360
47361
47365
47366
47367
47373
47375
47377
47378
47383
47384
47385
47387
47389
47390
47391
47395
47396
47397
47403
47408
47414
47415
47418
47419
47420
47421
47422
47423
47425
47426
47427
47428
47429
47430
47433
47436
47437
47446
47449
47455
47458
47459
47462
47463
47466
47475
47478
47479
47481
47486
47493
47502
47521
47533
47540
47645
47665
47685
47701
47735
47756
47762
47771
47779
47780
47782
47783
47786
47787
47788
47789
47790
47791
47794
47796
47799
47801
47802
47803
47808
47810
47811
47812
47813
47816
47818
47819
47821
47827
47829
47831
47832
47833
47834
47838
47840
47842
47845
47853
47855
47857
47860
47863
47872
47873
47877
47879
47881
47885
47888
47895
47896
47897
47902
47903
47904
47908
47909
47911
47918
47920
47924
47929
47930
47934
47936
47937
47941
47942
47944
47950
47958
47962
47963
47968
47970
47972
47976
47984
47991
47996
47999
48002
48003
48004
48006
48009
48011
48012
48013
48017
48024
48028
48029
48031
48036
48040
48041
48045
48048
48049
48052
48053
48056
48057
48058
48061
48062
48063
48066
48067
48073
48075
48078
48080
48082
48084
48086
48093
48094
48096
48097
48100
48104
48106
48107
48114
48116
48118
48119
48121
48122
48124
48128
48130
48131
48132
48136
48137
48138
48141
48143
48145
48147
48148
48149
48157
48158
48159
48165
48166
48168
48173
48175
48181
48187
48188
48190
48191
48192
48198
48199
48205
48207
48210
48212
48213
48219
48220
48225
48226
48228
48235
48240
48244
48249
48252
48256
48257
48260
48262
48263
48266
48272
48273
48274
48277
48279
48283
48285
48289
48292
48294
48297
48301
48302
48305
48311
48313
48317
48319
48323
48329
48330
48331
48333
48335
48336
48338
48340
48343
48349
48355
48356
48357
48360
48361
48365
48366
48367
48369
48370
48373
48375
48378
48379
48381
48382
48388
48389
48390
48391
48399
48402
48408
48413
48414
48416
48417
48418
48421
48422
48424
48425
48426
48427
48429
48430
48431
48434
48439
48442
48443
48445
48446
48450
48452
48453
48457
48459
48460
48465
48467
48468
48471
48472
48474
48476
48478
48479
48482
48483
48485
48486
48489
48491
48493
48494
48497
48502
48509
48510
48511
48512
48514
48516
48519
48534
48535
48538
48545
48546
48560
48562
48644
48645
48678
48728
48761
48769
48770
48771
48775
48781
48782
48789
48791
48795
48796
48797
48799
48800
48802
48803
48806
48808
48810
48812
48813
48815
48816
48817
48821
48824
48825
48826
48830
48832
48833
48835
48839
48840
48841
48842
48848
48851
48857
48859
48861
48863
48865
48866
48869
48871
48872
48874
48877
48879
48881
48882
48883
48886
48887
48890
48891
48895
48896
48897
48901
48903
48905
48907
48910
48912
48913
48915
48919
48920
48921
48925
48930
48937
48938
48942
48944
48945
48946
48947
48950
48951
48954
48955
48959
48960
48961
48964
48968
48969
48970
48973
48974
48975
48977
48978
48979
48981
48984
48985
48986
48987
48988
48998
49003
49008
49009
49012
49017
49024
49025
49027
49029
49030
49031
49034
49036
49037
49038
49042
49043
49046
49048
49051
49052
49054
49057
49059
49060
49062
49063
49067
49075
49077
49078
49079
49081
49086
49090
49091
49094
49096
49097
49101
49102
49104
49105
49107
49112
49114
49115
49117
49123
49124
49126
49127
49128
49129
49130
49132
49133
49134
49136
49137
49140
49145
49147
49150
49151
49153
49154
49156
49160
49161
49165
49166
49167
49170
49171
49172
49173
49178
49179
49182
49186
49187
49188
49189
49190
49193
49195
49197
49199
49201
49203
49204
49206
49207
49208
49210
49211
49212
49214
49218
49219
49220
49221
49222
49227
49228
49231
49233
49235
49240
49245
49247
49248
49249
49251
49252
49254
49255
49257
49258
49268
49269
49271
49272
49276
49279
49282
49285
49290
49296
49297
49298
49299
49300
49305
49311
49317
49318
49322
49323
49324
49329
49331
49332
49335
49339
49341
49342
49352
49355
49360
49365
49368
49372
49374
49377
49379
49381
49382
49383
49384
49385
49386
49388
49389
49390
49398
49399
49401
49404
49409
49411
49427
49429
49430
49431
49433
49434
49439
49451
49468
49473
49476
49479
49492
49499
49500
49533
49534
49621
49675
49679
49680
49686
49693
49699
49702
49714
49717
49718
49719
49721
49723
49727
49731
49735
49737
49738
49745
49746
49749
49753
49754
49755
49756
49759
49762
49767
49768
49771
49775
49776
49778
49779
49780
49781
49784
49785
49788
49790
49791
49801
49804
49807
49816
49822
49825
49826
49830
49831
49832
49833
49834
49835
49836
49837
49838
49841
49842
49848
49849
49850
49854
49856
49857
49858
49869
49870
49871
49872
49874
49877
49878
49879
49881
49883
49886
49888
49894
49895
49896
49897
49898
49899
49900
49903
49905
49911
49912
49916
49917
49923
49925
49926
49927
49928
49929
49930
49931
49933
49938
49940
49942
49943
49945
49946
49949
49951
49952
49953
49954
49955
49959
49961
49962
49963
49966
49967
49969
49970
49973
49979
49980
49983
49984
49985
49987
49990
49996
49997
49998
50003
50005
50011
50012
50015
50016
50019
50021
50023
50033
50034
50036
50037
50038
50040
50041
50042
50043
50044
50045
50047
50052
50053
50054
50055
50056
50057
50060
50065
50068
50069
50070
50071
50072
50073
50075
50076
50077
50081
50083
50084
50087
50092
50094
50100
50101
50103
50106
50107
50108
50110
50111
50112
50114
50117
50119
50120
50122
50124
50127
50129
50131
50138
50139
50141
50142
50144
50148
50150
50151
50154
50155
50156
50157
50158
50159
50163
50164
50172
50173
50175
50183
50185
50186
50188
50190
50192
50193
50194
50198
50199
50200
50201
50202
50205
50206
50207
50208
50209
50210
50212
50213
50215
50217
50218
50221
50222
50230
50231
50232
50241
50242
50246
50247
50248
50249
50251
50252
50256
50259
50262
50263
50267
50271
50272
50273
50274
50276
50277
50283
50287
50290
50291
50292
50293
50294
50295
50296
50298
50303
50307
50308
50309
50310
50312
50317
50318
50322
50323
50327
50333
50335
50340
50344
50351
50367
50370
50373
50378
50404
50405
50415
50419
50439
50451
50456
50614
50626
50628
50631
50635
50638
50644
50645
50647
50649
50650
50652
50653
50655
50656
50659
50663
50664
50665
50668
50671
50678
50679
50680
50682
50693
50696
50699
50705
50714
50721
50722
50724
50728
50732
50733
50734
50744
50745
50749
50750
50751
50754
50757
50759
50760
50763
50768
50769
50770
50777
50780
50782
50787
50788
50789
50790
50791
50799
50800
50815
50818
50819
50820
50823
50824
50825
50827
50830
50833
50839
50842
50843
50844
50845
50846
50847
50850
50852
50854
50856
50857
50860
50868
50872
50875
50876
50878
50879
50884
50885
50886
50891
50894
50896
50897
50899
50901
50904
50914
50915
50917
50918
50920
50922
50924
50929
50930
50931
50935
50937
50938
50946
50947
50948
50951
50953
50954
50956
50957
50958
50959
50962
50963
50964
50967
50968
50969
50970
50973
50975
50978
50979
50984
50985
50986
50987
50992
50994
50996
50997
50999
51000
51001
51002
51003
51008
51010
51026
51028
51029
51031
51032
51034
51039
51040
51042
51044
51046
51050
51055
51056
51057
51058
51065
51067
51077
51079
51080
51081
51082
51083
51085
51086
51087
51090
51095
51096
51102
51105
51106
51107
51108
51109
51111
51116
51122
51127
51130
51134
51136
51139
51143
51144
51145
51146
51147
51148
51149
51151
51153
51154
51155
51156
51158
51167
51168
51169
51173
51183
51184
51185
51186
51187
51189
51190
51193
51195
51196
51198
51199
51203
51204
51207
51208
51210
51211
51213
51217
51218
51219
51220
51221
51226
51229
51230
51231
51232
51236
51242
51245
51251
51252
51253
51254
51256
51257
51259
51260
51261
51262
51271
51272
51276
51277
51278
51279
51281
51286
51290
51293
51295
51296
51297
51303
51304
51308
51317
51325
51327
51328
51329
51330
51332
51333
51338
51342
51344
51365
51374
51399
51406
51577
51619
51623
51624
51625
51627
51629
51630
51631
51632
51634
51636
51637
51639
51640
51642
51644
51645
51646
51647
51649
51650
51656
51665
51666
51668
51675
51680
51681
51683
51684
51685
51691
51692
51694
51696
51697
51702
51705
51710
51713
51715
51716
51717
51722
51724
51727
51729
51730
51733
51735
51737
51738
51739
51740
51741
51742
51745
51748
51750
51754
51762
51763
51768
51773
51775
51776
51777
51778
51782
51786
51787
51788
51790
51791
51793
51799
51800
51801
51805
51807
51808
51809
51810
51816
51821
51826
51828
51830
51832
51834
51835
51838
51841
51843
51847
51848
51849
51851
51853
51858
51859
51860
51861
51862
51863
51867
51868
51869
51870
51874
51875
51876
51877
51878
51879
51881
51882
51886
51895
51900
51901
51902
51906
51909
51910
51917
51919
51922
51923
51926
51927
51929
51931
51933
51934
51936
51937
51939
51942
51944
51945
51947
51949
51953
51955
51956
51960
51961
51962
51964
51966
51970
51978
51979
51983
51985
51987
51988
51990
51994
51995
51996
52001
52006
52010
52013
52014
52016
52018
52019
52020
52022
52023
52025
52026
52027
52035
52036
52040
52042
52043
52044
52046
52047
52052
52055
52060
52061
52062
52064
52065
52067
52069
52070
52074
52076
52079
52081
52082
52084
52086
52087
52088
52089
52096
52102
52104
52107
52113
52114
52118
52119
52122
52127
52128
52129
52131
52132
52133
52139
52144
52146
52149
52150
52153
52157
52159
52160
52162
52163
52164
52168
52169
52171
52173
52174
52178
52181
52183
52184
52185
52186
52187
52189
52194
52198
52199
52201
52202
52203
52204
52205
52206
52207
52210
52211
52212
52214
52221
52231
52234
52236
52239
52266
52294
52461
52462
52463
52464
52465
52467
52469
52471
52472
52473
52474
52475
52476
52477
52478
52480
52489
52490
52493
52494
52497
52501
52503
52505
52507
52509
52511
52512
52516
52518
52519
52520
52521
52523
52524
52526
52528
52529
52530
52531
52532
52534
52537
52541
52544
52545
52547
52548
52549
52550
52551
52552
52553
52557
52558
52559
52561
52567
52568
52569
52570
52572
52573
52574
52575
52577
52578
52581
52582
52586
52587
52588
52589
52592
52594
52596
52599
52600
52601
52603
52604
52607
52608
52613
52614
52615
52621
52624
52625
52626
52627
52628
52629
52630
52631
52632
52634
52635
52636
52637
52638
52639
52640
52644
52646
52647
52655
52656
52658
52659
52660
52661
52666
52668
52672
52675
52676
52677
52679
52684
52687
52689
52693
52697
52698
52705
52707
52708
52709
52711
52712
52713
52714
52715
52717
52718
52721
52723
52727
52729
52738
52739
52742
52743
52745
52748
52754
52772
52806
52910
52912
52913
52914
52918
52920
52922
52924
52931
52937
52938
52945
52948
52949
52950
52951
52952
52953
52954
52959
52964
52967
52968
52969
52972
52975
52980
52983
52984
52985
52987
52988
52990
52994
52995
53000
53003
53004
53008
53009
53011
53026
53028
53031
53032
53033
53035
53041
53046
53048
53052
53054
53058
53060
53063
53068
53070
53073
53074
53075
53077
53080
53081
53089
53090
53092
53095
53096
53097
53098
53100
53101
53102
53104
53111
53117
53119
53121
53124
53125
53130
53133
53135
53136
53137
53151
53152
53153
53155
53159
53161
53164
53165
53168
53169
53170
53171
53176
53179
53181
53184
53186
53188
53189
53190
53192
53193
53194
53198
53201
53205
53206
53207
53208
53209
53211
53217
53218
53220
53221
53225
53228
53233
53234
53239
53244
53246
53251
53253
53260
53262
53264
53267
53268
53271
53276
53277
53285
53288
53290
53295
53301
53302
53303
53312
53313
53316
53317
53319
53335
53339
53342
53344
53376
53473
53485
53491
53492
53494
53495
53497
53501
53503
53504
53505
53506
53508
53509
53510
53513
53515
53516
53518
53519
53520
53523
53525
53529
53531
53534
53536
53537
53542
53543
53545
53546
53547
53549
53553
53555
53556
53558
53559
53566
53572
53573
53574
53575
53576
53580
53583
53584
53588
53590
53593
53598
53600
53601
53603
53604
53608
53609
53612
53616
53620
53621
53622
53624
53625
53627
53629
53631
53632
53633
53640
53641
53643
53644
53649
53650
53652
53654
53657
53660
53661
53664
53666
53669
53670
53671
53673
53678
53679
53681
53682
53684
53687
53688
53689
53690
53691
53694
53697
53703
53706
53714
53717
53719
53720
53724
53725
53729
53730
53732
53735
53741
53742
53746
53747
53748
53752
53758
53763
53765
53767
53768
53771
53777
53778
53782
53783
53784
53786
53788
53791
53796
53803
53805
53806
53808
53811
53812
53815
53820
53821
53823
53824
53825
53826
53827
53830
53833
53835
53837
53839
53843
53844
53845
53846
53847
53850
53852
53857
53859
53863
53865
53867
53868
53869
53870
53874
53875
53877
53879
53884
53886
53890
53893
53894
53897
53898
53902
53906
53909
53910
53911
53912
53914
53916
53928
53932
53935
53936
53947
53949
53952
53953
53958
53959
53961
53962
53964
53965
53967
53968
53970
53972
53974
53975
53976
53978
53979
53980
53981
53983
53992
53998
54000
54003
54004
54005
54007
54008
54013
54014
54017
54018
54020
54021
54022
54025
54026
54027
54028
54029
54031
54032
54035
54036
54040
54041
54042
54043
54046
54047
54050
54053
54057
54059
54061
54063
54064
54065
54066
54068
54069
54070
54080
54082
54084
54088
54090
54091
54096
54097
54098
54104
54105
54110
54111
54112
54115
54117
54121
54123
54124
54126
54128
54132
54134
54137
54139
54140
54142
54143
54146
54151
54154
54156
54157
54162
54163
54165
54169
54174
54180
54194
54202
54216
54441
54442
54443
54444
54445
54447
54448
54450
54452
54453
54457
54458
54461
54462
54465
54466
54467
54468
54469
54471
54473
54476
54482
54483
54487
54488
54489
54493
54497
54498
54500
54501
54503
54504
54506
54509
54510
54514
54515
54516
54517
54519
54522
54523
54525
54528
54531
54533
54535
54536
54537
54539
54542
54546
54547
54549
54550
54551
54552
54554
54555
54557
54558
54568
54569
54572
54576
54577
54579
54580
54581
54582
54583
54584
54585
54589
54599
54600
54601
54603
54604
54605
54606
54608
54611
54612
54613
54615
54616
54618
54619
54621
54622
54625
54626
54629
54630
54632
54633
54634
54637
54639
54640
54644
54649
54654
54657
54663
54665
54666
54667
54672
54673
54674
54675
54677
54680
54682
54683
54684
54685
54686
54687
54689
54691
54693
54695
54696
54698
54699
54700
54704
54706
54711
54714
54715
54717
54719
54721
54723
54728
54729
54731
54737
54738
54739
54741
54743
54747
54750
54751
54753
54754
54755
54760
54763
54764
54770
54771
54773
54774
54775
54777
54778
54779
54780
54781
54782
54783
54784
54785
54786
54787
54788
54789
54791
54792
54793
54796
54799
54801
54805
54807
54811
54812
54814
54816
54817
54819
54820
54822
54823
54824
54828
54829
54834
54835
54838
54840
54846
54847
54848
54849
54852
54853
54858
54866
54868
54869
54870
54871
54872
54875
54876
54878
54886
54887
54891
54892
54893
54894
54900
54901
54903
54905
54906
54907
54908
54909
54910
54911
54912
54913
54914
54916
54917
54919
54920
54921
54922
54923
54924
54925
54926
54929
54931
54932
54933
54938
54939
54946
54948
54954
54956
54962
54964
54965
54966
54967
54968
54971
54974
54976
54977
54980
54985
54986
54988
54992
54993
54995
54996
54997
54998
54999
55003
55010
55011
55012
55015
55017
55021
55023
55027
55028
55029
55030
55031
55033
55036
55038
55055
55057
55058
55059
55060
55061
55069
55073
55077
55078
55081
55084
55085
55089
55090
55098
55100
55101
55103
55106
55107
55109
55110
55111
55112
55115
55126
55137
55150
55169
55173
55315
55369
55370
55375
55382
55385
55388
55390
55395
55396
55398
55399
55400
55404
55412
55415
55423
55425
55430
55431
55435
55436
55444
55446
55447
55449
55450
55451
55453
55454
55455
55458
55460
55464
55467
55469
55471
55472
55474
55476
55478
55480
55482
55485
55486
55493
55494
55498
55500
55501
55503
55509
55513
55514
55515
55516
55518
55520
55524
55525
55526
55527
55532
55534
55538
55539
55551
55552
55553
55554
55558
55561
55563
55564
55566
55568
55569
55572
55573
55578
55580
55581
55585
55587
55588
55589
55592
55595
55597
55600
55605
55607
55610
55611
55612
55613
55616
55627
55629
55630
55635
55638
55643
55646
55647
55648
55649
55655
55657
55662
55666
55669
55671
55673
55677
55678
55679
55680
55681
55685
55686
55690
55692
55697
55699
55701
55707
55708
55709
55710
55712
55713
55722
55724
55727
55728
55736
55739
55742
55744
55747
55748
55749
55750
55752
55753
55754
55757
55758
55760
55761
55763
55766
55771
55779
55782
55786
55787
55790
55791
55792
55793
55794
55795
55796
55802
55803
55807
55808
55810
55811
55812
55813
55815
55816
55817
55818
55823
55825
55826
55828
55829
55830
55831
55832
55839
55840
55841
55842
55843
55844
55845
55846
55847
55851
55855
55858
55859
55860
55861
55862
55864
55865
55866
55867
55868
55872
55873
55875
55876
55878
55880
55883
55884
55885
55886
55888
55889
55891
55892
55893
55894
55897
55899
55900
55901
55903
55905
55906
55914
55916
55918
55920
55927
55930
55935
55937
55939
55949
55954
55964
55967
55983
55984
55999
56204
56207
56208
56209
56213
56214
56215
56217
56223
56231
56234
56242
56248
56249
56252
56256
56257
56259
56264
56267
56270
56272
56284
56285
56286
56288
56292
56296
56298
56300
56302
56303
56305
56309
56311
56312
56313
56315
56317
56318
56319
56320
56321
56322
56326
56328
56332
56334
56337
56342
56343
56345
56346
56347
56357
56358
56359
56361
56366
56367
56368
56370
56375
56376
56379
56384
56386
56388
56389
56405
56407
56412
56415
56418
56421
56424
56425
56426
56427
56435
56437
56439
56442
56446
56450
56455
56458
56459
56461
56465
56466
56468
56471
56473
56478
56479
56484
56488
56494
56495
56497
56498
56499
56504
56507
56509
56512
56515
56520
56521
56528
56529
56534
56538
56539
56543
56544
56557
56558
56560
56561
56570
56571
56572
56573
56574
56577
56578
56579
56592
56595
56597
56602
56603
56606
56608
56609
56610
56611
56615
56617
56619
56626
56629
56630
56632
56634
56637
56638
56645
56651
56655
56660
56663
56667
56670
56672
56673
56676
56677
56678
56679
56681
56682
56686
56687
56688
56690
56691
56694
56699
56700
56701
56703
56705
56706
56708
56712
56715
56724
56744
56751
56754
56787
56934
56935
56936
56939
56940
56941
56943
56946
56947
56949
56950
56951
56952
56955
56957
56959
56960
56965
56968
56970
56971
56972
56973
56977
56982
56985
56988
56990
56994
57001
57008
57009
57010
57014
57015
57016
57017
57018
57023
57025
57027
57028
57029
57031
57032
57033
57040
57045
57046
57048
57050
57052
57060
57063
57065
57067
57068
57071
57072
57074
57075
57076
57078
57079
57080
57081
57087
57088
57090
57091
57094
57097
57099
57101
57103
57106
57114
57115
57117
57118
57122
57127
57129
57130
57133
57135
57137
57138
57139
57141
57143
57145
57154
57156
57158
57159
57160
57164
57167
57169
57170
57173
57180
57181
57182
57185
57187
57189
57190
57192
57194
57197
57202
57203
57205
57206
57207
57208
57211
57214
57218
57220
57222
57223
57224
57225
57226
57227
57228
57231
57232
57234
57236
57238
57239
57241
57244
57245
57246
57247
57248
57251
57258
57260
57265
57272
57278
57279
57289
57290
57292
57293
57299
57303
57305
57306
57314
57317
57318
57319
57324
57329
57377
57415
57468
57470
57473
57475
57479
57481
57489
57492
57496
57497
57502
57504
57509
57510
57512
57513
57517
57518
57520
57523
57524
57525
57527
57532
57536
57537
57538
57541
57544
57545
57547
57548
57549
57550
57551
57552
57554
57556
57557
57558
57559
57560
57562
57566
57569
57572
57574
57575
57581
57583
57586
57588
57589
57592
57597
57598
57600
57604
57608
57612
57615
57617
57621
57623
57624
57627
57628
57635
57636
57638
57639
57640
57643
57645
57647
57648
57649
57655
57656
57659
57660
57661
57662
57667
57668
57669
57670
57671
57672
57673
57676
57679
57680
57682
57683
57686
57687
57689
57692
57693
57694
57696
57697
57699
57700
57702
57708
57711
57713
57714
57715
57717
57718
57722
57727
57730
57731
57740
57742
57745
57751
57753
57755
57761
57766
57767
57770
57771
57773
57776
57777
57778
57779
57793
57795
57796
57805
57807
57812
57817
57830
57834
57836
