Batch	Correct_edit	Indels	Substitutions_amplicon	Reads_aligned_all_amplicons	Reads_aligned_reference	Reads_aligned_amplicon	dir
REP1_type1_AAVS1_GCTGC_pegRNA_16	7.03692016408962	0.12622278321237	0.0631113916061849	3169	2946	223	CRISPRessoBatch_on_AAVS1_type1_BC1
REP1_type1_AAVS1_GCTGC_pegRNA_21	13.0642591609134	0.0637280934678704	0.055231014338821	47075	40925	6150	CRISPRessoBatch_on_AAVS1_type1_BC1
REP1_type1_AAVS1_GCTGC_pegRNA_25	8.58181370133071	0.028749794644324	0.0759816001314276	48696	44517	4179	CRISPRessoBatch_on_AAVS1_type1_BC1
REP2_type1_AAVS1_GCTGC_pegRNA_16	11.9836940231401	0.28475511060488	0.0989149331574846	33362	29361	3998	CRISPRessoBatch_on_AAVS1_type1_BC1
REP2_type1_AAVS1_GCTGC_pegRNA_21	20.2174304763049	0.110116723727151	0.148157046469257	49947	39848	10098	CRISPRessoBatch_on_AAVS1_type1_BC1
REP2_type1_AAVS1_GCTGC_pegRNA_25	14.66918017335	0.0368829785054197	0.122943261684732	48803	41644	7159	CRISPRessoBatch_on_AAVS1_type1_BC1
REP3_type1_AAVS1_GCTGC_pegRNA_16	7.90216527780125	0.397221142306587	0.0709927147952198	59161	54486	4675	CRISPRessoBatch_on_AAVS1_type1_BC1
REP3_type1_AAVS1_GCTGC_pegRNA_21	10.2943236159187	0.0180075631765341	0.0440184877648612	49979	44834	5145	CRISPRessoBatch_on_AAVS1_type1_BC1
REP3_type1_AAVS1_GCTGC_pegRNA_25	8.60624223663716	0.0216881247658668	0.0650643742976005	50719	46354	4365	CRISPRessoBatch_on_AAVS1_type1_BC1
REP1_type1_AAVS1_GTCAG_pegRNA_16	13.7625824366539	0.0308534845154075	0.0829187396351575	51858	44721	7137	CRISPRessoBatch_on_AAVS1_type1_BC2
REP1_type1_AAVS1_GTCAG_pegRNA_21	19.7298773315409	0.0189043858175097	0.144933624600907	47608	38213	9393	CRISPRessoBatch_on_AAVS1_type1_BC2
REP1_type1_AAVS1_GTCAG_pegRNA_25	21.6144770980533	0.0163177390140822	0.1191194948028	61283	48037	13246	CRISPRessoBatch_on_AAVS1_type1_BC2
REP2_type1_AAVS1_GTCAG_pegRNA_16	17.087053389927	0.0308988307231953	0.216291815062367	61491	50983	10507	CRISPRessoBatch_on_AAVS1_type1_BC2
REP2_type1_AAVS1_GTCAG_pegRNA_21	23.836006712719	0.0487842953596378	0.111228193419974	102492	78059	24430	CRISPRessoBatch_on_AAVS1_type1_BC2
REP2_type1_AAVS1_GTCAG_pegRNA_25	22.6843643682016	0.464804255115243	0.119794911112176	41738	32268	9468	CRISPRessoBatch_on_AAVS1_type1_BC2
REP3_type1_AAVS1_GTCAG_pegRNA_16	10.0465952750756	0.029428594784599	0.0457778141093763	61165	55019	6145	CRISPRessoBatch_on_AAVS1_type1_BC2
REP3_type1_AAVS1_GTCAG_pegRNA_21	13.703618920775	0.00416207104655276	0.0769983143612261	48053	41465	6585	CRISPRessoBatch_on_AAVS1_type1_BC2
REP3_type1_AAVS1_GTCAG_pegRNA_25	15.0339550748241	0.0122914298005716	0.0706757213532864	65086	55301	9785	CRISPRessoBatch_on_AAVS1_type1_BC2
REP1_type1_EMX1_GCTGC_pegRNA_16	5.92616146739858	0.0836792073905476	0.128865979381443	59752	56209	3541	CRISPRessoBatch_on_EMX1_type1_BC1
REP1_type1_EMX1_GCTGC_pegRNA_26	3.53960359939913	0.0481281082736593	0.0845887963597649	68567	66139	2427	CRISPRessoBatch_on_EMX1_type1_BC1
REP1_type1_EMX1_GCTGC_pegRNA_36	2.72611261764237	0.08454298931249	0.0685914818950391	62690	60981	1709	CRISPRessoBatch_on_EMX1_type1_BC1
REP2_type1_EMX1_GCTGC_pegRNA_16	7.37788507565194	0.154009448687798	0.137359778559387	48049	44504	3545	CRISPRessoBatch_on_EMX1_type1_BC1
REP2_type1_EMX1_GCTGC_pegRNA_26	4.66914156684144	0.0382716521872249	0.12246928699912	52258	49817	2440	CRISPRessoBatch_on_EMX1_type1_BC1
REP2_type1_EMX1_GCTGC_pegRNA_36	2.3927178153446	0.0445848040126324	0.0501579045142114	53830	52542	1288	CRISPRessoBatch_on_EMX1_type1_BC1
REP3_type1_EMX1_GCTGC_pegRNA_16	4.4751647161467	0.130870363127651	0.0872469087517675	66478	63503	2975	CRISPRessoBatch_on_EMX1_type1_BC1
REP3_type1_EMX1_GCTGC_pegRNA_26	2.52140191702641	0.0936562522865296	0.0717055681568742	68335	66612	1723	CRISPRessoBatch_on_EMX1_type1_BC1
REP3_type1_EMX1_GCTGC_pegRNA_36	2.41141655023	0.0549476427461262	0.0706469692450194	63697	62159	1536	CRISPRessoBatch_on_EMX1_type1_BC1
REP1_type1_EMX1_GTCAG_pegRNA_16	3.68189874393157	0.0940124836248748	0.15720120212684	64885	62495	2389	CRISPRessoBatch_on_EMX1_type1_BC2
REP1_type1_EMX1_GTCAG_pegRNA_26	1.91117952888553	0.0740654680647129	0.0987539574196172	68858	67542	1316	CRISPRessoBatch_on_EMX1_type1_BC2
REP1_type1_EMX1_GTCAG_pegRNA_36	2.55520110089448	0.0562957402889848	0.0734972164883968	63948	62314	1634	CRISPRessoBatch_on_EMX1_type1_BC2
REP2_type1_EMX1_GTCAG_pegRNA_16	4.27932634042375	0.294621588867065	0.175519244431443	47858	45810	2048	CRISPRessoBatch_on_EMX1_type1_BC2
REP2_type1_EMX1_GTCAG_pegRNA_26	2.72688695780521	0.0479695946569252	0.112544049002786	54201	52723	1478	CRISPRessoBatch_on_EMX1_type1_BC2
REP2_type1_EMX1_GTCAG_pegRNA_36	2.59310722743018	0.166350274967219	0.105681351155645	51097	49772	1325	CRISPRessoBatch_on_EMX1_type1_BC2
REP3_type1_EMX1_GTCAG_pegRNA_16	4.46926616088272	0.0773605135652339	0.143863411191488	73681	70387	3293	CRISPRessoBatch_on_EMX1_type1_BC2
REP3_type1_EMX1_GTCAG_pegRNA_26	1.43429689472355	0.0773163342590255	0.0504922999242616	63376	62467	909	CRISPRessoBatch_on_EMX1_type1_BC2
REP3_type1_EMX1_GTCAG_pegRNA_36	1.33792621436773	0.0948529778842794	0.0499226199390944	60093	59289	804	CRISPRessoBatch_on_EMX1_type1_BC2
REP1_type1_FANCF_GCTGC_pegRNA_17	3.85922956085438	0.0679937164427563	0.112541323767321	42651	41005	1646	CRISPRessoBatch_on_FANCF_type1_BC1
REP1_type1_FANCF_GCTGC_pegRNA_27	2.15316699487135	0.0324598039427842	0.0605916340265305	46211	45216	995	CRISPRessoBatch_on_FANCF_type1_BC1
REP1_type1_FANCF_GCTGC_pegRNA_36	1.25814014066163	0.0234436051054962	0.0338629851523834	38390	37906	483	CRISPRessoBatch_on_FANCF_type1_BC1
REP2_type1_FANCF_GCTGC_pegRNA_17	6.04170664619715	0.0479754365764728	0.108744322906672	31266	29377	1889	CRISPRessoBatch_on_FANCF_type1_BC1
REP2_type1_FANCF_GCTGC_pegRNA_27	3.4076680992183	0.0372237826131095	0.057527664038442	29551	28544	1007	CRISPRessoBatch_on_FANCF_type1_BC1
REP2_type1_FANCF_GCTGC_pegRNA_36	2.45181088770259	0.0415561167407218	0.0383594923760509	31283	30516	767	CRISPRessoBatch_on_FANCF_type1_BC1
REP3_type1_FANCF_GCTGC_pegRNA_17	4.63292094445658	0.0238298548364676	0.119149274182338	50357	48024	2333	CRISPRessoBatch_on_FANCF_type1_BC1
REP3_type1_FANCF_GCTGC_pegRNA_27	2.55636504720438	0.0474199249903005	0.0452644738543777	46394	45208	1186	CRISPRessoBatch_on_FANCF_type1_BC1
REP3_type1_FANCF_GCTGC_pegRNA_36	1.36881645126377	0.0190997644362386	0.0254663525816515	15707	15491	215	CRISPRessoBatch_on_FANCF_type1_BC1
REP1_type1_FANCF_GTCAG_pegRNA_17	4.42977710452283	0.0216403375892664	0.0497727764553127	46210	44163	2047	CRISPRessoBatch_on_FANCF_type1_BC2
REP1_type1_FANCF_GTCAG_pegRNA_27	1.89231710514815	0.0458875972380037	0.0327768551700026	45764	44898	866	CRISPRessoBatch_on_FANCF_type1_BC2
REP1_type1_FANCF_GTCAG_pegRNA_36	2.34734988299438	0.0168874092301754	0.0313623314274686	41451	40478	973	CRISPRessoBatch_on_FANCF_type1_BC2
REP2_type1_FANCF_GTCAG_pegRNA_17	5.8433354390398	0.0534525487147092	0.0728898391564216	41158	38753	2405	CRISPRessoBatch_on_FANCF_type1_BC2
REP2_type1_FANCF_GTCAG_pegRNA_27	1.90448285965426	0.013022105023277	0.0162776312790963	30717	30132	585	CRISPRessoBatch_on_FANCF_type1_BC2
REP2_type1_FANCF_GTCAG_pegRNA_36	1.47529378451083	0.14441455472179	0.0169899476143282	35315	34794	521	CRISPRessoBatch_on_FANCF_type1_BC2
REP3_type1_FANCF_GTCAG_pegRNA_17	3.47248576850095	0.03584229390681	0.0484925152856842	47430	45783	1647	CRISPRessoBatch_on_FANCF_type1_BC2
REP3_type1_FANCF_GTCAG_pegRNA_27	1.27931331882213	0.0246416690623845	0.0123208345311922	48698	48075	623	CRISPRessoBatch_on_FANCF_type1_BC2
REP3_type1_FANCF_GTCAG_pegRNA_36	1.31746215185485	0.0254247081936901	0.0208020339766555	43265	42695	570	CRISPRessoBatch_on_FANCF_type1_BC2
REP1_type1_HEK3_GCTGC_pegRNA_14	8.9248260599135	0.335585031750394	0.357282339837704	69133	62963	6170	CRISPRessoBatch_on_HEK3_type1_BC1
REP1_type1_HEK3_GCTGC_pegRNA_24	7.19068249592078	0.0562651212513363	0.163168851628875	53319	49484	3834	CRISPRessoBatch_on_HEK3_type1_BC1
REP1_type1_HEK3_GCTGC_pegRNA_34	12.4724379254146	0.0319560285047774	0.399450356309718	31293	27390	3903	CRISPRessoBatch_on_HEK3_type1_BC1
REP2_type1_HEK3_GCTGC_pegRNA_14	9.38862568187395	0.700277468430888	0.420921497197003	52979	48005	4974	CRISPRessoBatch_on_HEK3_type1_BC1
REP2_type1_HEK3_GCTGC_pegRNA_24	9.9123807674571	0.0315526322176646	0.145627533312298	41201	37117	4084	CRISPRessoBatch_on_HEK3_type1_BC1
REP2_type1_HEK3_GCTGC_pegRNA_34	21.4588602886475	0.0595149531319744	0.405445618211576	26884	21115	5769	CRISPRessoBatch_on_HEK3_type1_BC1
REP3_type1_HEK3_GCTGC_pegRNA_14	9.28639190471171	0.274059238958575	0.321492568778328	56922	51636	5286	CRISPRessoBatch_on_HEK3_type1_BC1
REP3_type1_HEK3_GCTGC_pegRNA_24	6.58797311884119	0.0626762770291445	0.174100769525401	57438	53654	3784	CRISPRessoBatch_on_HEK3_type1_BC1
REP3_type1_HEK3_GCTGC_pegRNA_34	11.9882345950443	0.187176897022996	0.282250876463248	33658	29622	4035	CRISPRessoBatch_on_HEK3_type1_BC1
REP1_type1_HEK3_GTCAG_pegRNA_14	11.3096132463864	0.296000240406287	0.767797577906662	66554	59027	7527	CRISPRessoBatch_on_HEK3_type1_BC2
REP1_type1_HEK3_GTCAG_pegRNA_24	13.3670562241991	0.0542667209333876	0.304281256662209	51597	44700	6897	CRISPRessoBatch_on_HEK3_type1_BC2
REP1_type1_HEK3_GTCAG_pegRNA_34	18.2714155035557	0.0354097199681312	0.36590043967069	33889	27695	6192	CRISPRessoBatch_on_HEK3_type1_BC2
REP2_type1_HEK3_GTCAG_pegRNA_14	15.1448172321038	0.254394561794941	0.773609692015764	47957	40693	7263	CRISPRessoBatch_on_HEK3_type1_BC2
REP2_type1_HEK3_GTCAG_pegRNA_24	13.2310382877725	0.0832795486248465	0.256084612021403	48031	41676	6355	CRISPRessoBatch_on_HEK3_type1_BC2
REP2_type1_HEK3_GTCAG_pegRNA_34	22.9125587064855	1.14007098555193	0.440970852902162	27893	21500	6391	CRISPRessoBatch_on_HEK3_type1_BC2
REP3_type1_HEK3_GTCAG_pegRNA_14	8.82635449497223	0.0825453999699835	0.267146930811947	66630	60749	5881	CRISPRessoBatch_on_HEK3_type1_BC2
REP3_type1_HEK3_GTCAG_pegRNA_24	9.59740891775328	0.0486667002299082	0.234942690765074	59589	53870	5719	CRISPRessoBatch_on_HEK3_type1_BC2
REP3_type1_HEK3_GTCAG_pegRNA_34	11.9249192380528	0.0584827893505626	0.256210315250084	35908	31625	4282	CRISPRessoBatch_on_HEK3_type1_BC2
REP1_type1_RNF2_BC1_14	42.0166394649895	0.0915568647744915	0.736435651446997	25121	14565	10555	CRISPRessoBatch_on_RNF2_TYPE1_BC1
REP1_type1_RNF2_BC1_22	6.2524996667111	0.039994667377683	0.0866551126516464	15002	14060	938	CRISPRessoBatch_on_RNF2_TYPE1_BC1
REP1_type1_RNF2_BC1_34	0.133379726281605	0.0289955926699142	0.00579911853398283	17244	17221	23	CRISPRessoBatch_on_RNF2_TYPE1_BC1
REP2_type1_RNF2_BC1_14	40.2551213960546	0.0995827010622155	0.659142640364188	21088	12599	8489	CRISPRessoBatch_on_RNF2_TYPE1_BC1
REP2_type1_RNF2_BC1_22	5.91821421872069	0.028137310073157	0.084411930219471	10662	10031	631	CRISPRessoBatch_on_RNF2_TYPE1_BC1
REP2_type1_RNF2_BC1_34	0.172271739944573	0.0973709834469328	0	13351	13328	23	CRISPRessoBatch_on_RNF2_TYPE1_BC1
REP3_type1_RNF2_BC1_14	41.4670448482125	0.213429189249909	0.707686259091803	35609	20843	14766	CRISPRessoBatch_on_RNF2_TYPE1_BC1
REP3_type1_RNF2_BC1_22	6.40914008285179	0.102905089844059	0.118736642127761	37899	35470	2429	CRISPRessoBatch_on_RNF2_TYPE1_BC1
REP3_type1_RNF2_BC1_34	0.190192411322788	0.0380384822645576	0.00950962056613941	31547	31487	60	CRISPRessoBatch_on_RNF2_TYPE1_BC1
REP1_type1_RNF2_BC2_14	31.5111321648508	0.0473709142586452	0.464234959734723	10555	7229	3326	CRISPRessoBatch_on_RNF2_TYPE1_BC2
REP1_type1_RNF2_BC2_22	8.87362882368679	0.00891821992330331	0.196200838312673	11213	10218	995	CRISPRessoBatch_on_RNF2_TYPE1_BC2
REP1_type1_RNF2_BC2_34	0.291957887286561	0.00884720870565337	0.00884720870565337	11303	11270	33	CRISPRessoBatch_on_RNF2_TYPE1_BC2
REP2_type1_RNF2_BC2_14	30.1879555044112	0.0383582662063675	0.398925968546222	13035	9100	3935	CRISPRessoBatch_on_RNF2_TYPE1_BC2
REP2_type1_RNF2_BC2_22	9.02199444800342	0.0427076660260517	0.0747384155455904	9366	8521	845	CRISPRessoBatch_on_RNF2_TYPE1_BC2
REP2_type1_RNF2_BC2_34	0.348300143863103	0.0530021958052548	0.0151434845157871	13207	13161	46	CRISPRessoBatch_on_RNF2_TYPE1_BC2
REP3_type1_RNF2_BC2_14	29.8779694533344	0.0520386126505867	0.418910831837223	38433	26950	11483	CRISPRessoBatch_on_RNF2_TYPE1_BC2
REP3_type1_RNF2_BC2_22	8.37111312603339	0.0400021334471172	0.125340018134301	37498	34359	3139	CRISPRessoBatch_on_RNF2_TYPE1_BC2
REP3_type1_RNF2_BC2_34	0.468443197755961	0.0897615708274895	0.00841514726507714	35650	35483	167	CRISPRessoBatch_on_RNF2_TYPE1_BC2
REP1_type1_RUNX1_BC1_15	29.8146215396849	0.0298195914715968	0.437354008250087	20121	14122	5999	CRISPRessoBatch_on_RUNX1_TYPE1_BC1
REP1_type1_RUNX1_BC1_25	13.8483894405425	0.0532816662630177	0.193751513683701	20645	17785	2859	CRISPRessoBatch_on_RUNX1_TYPE1_BC1
REP1_type1_RUNX1_BC1_35	8.75427651438921	0.0402495471925941	0.130811028375931	9938	9068	870	CRISPRessoBatch_on_RUNX1_TYPE1_BC1
REP2_type1_RUNX1_BC1_15	25.6366208569119	0.0606305578011318	0.303152789005659	9896	7359	2537	CRISPRessoBatch_on_RUNX1_TYPE1_BC1
REP2_type1_RUNX1_BC1_25	12.1625219660259	0.335481122530486	0.223654081686991	18779	16489	2284	CRISPRessoBatch_on_RUNX1_TYPE1_BC1
REP2_type1_RUNX1_BC1_35	7.27200634417129	0.0713719270420301	0.118953211736717	12610	11693	917	CRISPRessoBatch_on_RUNX1_TYPE1_BC1
REP3_type1_RUNX1_BC1_15	26.5507192747121	0.090198436560433	0.460243304500671	43238	31758	11480	CRISPRessoBatch_on_RUNX1_TYPE1_BC1
REP3_type1_RUNX1_BC1_25	12.5967807660962	0.0865933170334148	0.269967400162999	39264	34317	4946	CRISPRessoBatch_on_RUNX1_TYPE1_BC1
REP3_type1_RUNX1_BC1_35	7.22401310574433	0.132114358188448	0.103049199386989	37846	35111	2734	CRISPRessoBatch_on_RUNX1_TYPE1_BC1
REP1_type1_RUNX1_BC2_15	31.487937526147	0.0139450564774787	0.488076976711756	7171	4913	2258	CRISPRessoBatch_on_RUNX1_TYPE1_BC2
REP1_type1_RUNX1_BC2_25	13.807083301461	0.0917922435554196	0.298324791555114	13073	11268	1805	CRISPRessoBatch_on_RUNX1_TYPE1_BC2
REP1_type1_RUNX1_BC2_35	13.4605606589607	0.0237280092200264	0.206772651774516	29501	25530	3971	CRISPRessoBatch_on_RUNX1_TYPE1_BC2
REP2_type1_RUNX1_BC2_15	30.6414599497323	0.0983499071139766	0.5136050704841	9151	6347	2804	CRISPRessoBatch_on_RUNX1_TYPE1_BC2
REP2_type1_RUNX1_BC2_25	15.6044168926773	0.0678031770631538	0.290585044556374	10324	8713	1611	CRISPRessoBatch_on_RUNX1_TYPE1_BC2
REP2_type1_RUNX1_BC2_35	11.7674947847525	0.123269486061066	0.16119855869524	10546	9304	1241	CRISPRessoBatch_on_RUNX1_TYPE1_BC2
REP3_type1_RUNX1_BC2_15	35.0678959763491	0.0175377060680463	0.66392744400461	39914	25917	13997	CRISPRessoBatch_on_RUNX1_TYPE1_BC2
REP3_type1_RUNX1_BC2_25	13.4885486524105	0.0354295837023915	0.232822978615716	39515	34185	5330	CRISPRessoBatch_on_RUNX1_TYPE1_BC2
REP3_type1_RUNX1_BC2_35	10.1524188204109	0.0609675281643473	0.148442677269715	37725	33894	3830	CRISPRessoBatch_on_RUNX1_TYPE1_BC2
REP1_type2_AAVS1_GCTGC_pegRNA_16	10.2891220653733	0.123298356860673	0.0251629299715659	39741	35648	4089	CRISPRessoBatch_on_AAVS1_type2_BC1
REP1_type2_AAVS1_GCTGC_pegRNA_21	4.79192564967738	0.053276505061268	0.0147990291836856	33786	32164	1619	CRISPRessoBatch_on_AAVS1_type2_BC1
REP1_type2_AAVS1_GCTGC_pegRNA_25	5.28731723903434	0.0850051003060184	0.0170010200612037	41174	38995	2177	CRISPRessoBatch_on_AAVS1_type2_BC1
REP2_type2_AAVS1_GCTGC_pegRNA_16	23.0881772751184	0.575355076275644	0.0279458179905313	60832	46777	14045	CRISPRessoBatch_on_AAVS1_type2_BC1
REP2_type2_AAVS1_GCTGC_pegRNA_21	9.63628396143734	0.138767163307041	0.0189891907683319	68460	61860	6597	CRISPRessoBatch_on_AAVS1_type2_BC1
REP2_type2_AAVS1_GCTGC_pegRNA_25	6.5388678580861	0.0572233471256273	0.015406285764592	45436	42463	2971	CRISPRessoBatch_on_AAVS1_type2_BC1
REP3_type2_AAVS1_GCTGC_pegRNA_16	11.6668271545498	0.198363023591719	0.0231102551757342	51925	45860	6058	CRISPRessoBatch_on_AAVS1_type2_BC1
REP3_type2_AAVS1_GCTGC_pegRNA_21	4.96236921005935	0.0550694486936303	0.020396092108752	49029	46592	2433	CRISPRessoBatch_on_AAVS1_type2_BC1
REP3_type2_AAVS1_GCTGC_pegRNA_25	4.7106847637514	0.0459230533727931	0.0153076844575977	97990	93369	4616	CRISPRessoBatch_on_AAVS1_type2_BC1
REP1_type2_AAVS1_GTCAG_pegRNA_16	11.5587232723892	0.0542299349240781	0.0206590228282202	38724	34244	4476	CRISPRessoBatch_on_AAVS1_type2_BC2
REP1_type2_AAVS1_GTCAG_pegRNA_21	8.82993977631202	0.1491253226269	0.0114711786636077	69740	63572	6158	CRISPRessoBatch_on_AAVS1_type2_BC2
REP1_type2_AAVS1_GTCAG_pegRNA_25	6.60849997877128	0.0551946673459856	0.0127372309259967	47106	43992	3113	CRISPRessoBatch_on_AAVS1_type2_BC2
REP2_type2_AAVS1_GTCAG_pegRNA_16	18.9194808280614	0.160384923817161	0.0326710029997921	33669	27279	6370	CRISPRessoBatch_on_AAVS1_type2_BC2
REP2_type2_AAVS1_GTCAG_pegRNA_21	10.9517555985623	0.0829416643627315	0.0138236107271219	28936	25765	3169	CRISPRessoBatch_on_AAVS1_type2_BC2
REP2_type2_AAVS1_GTCAG_pegRNA_25	7.93559088282983	0.035410104925732	0.0149095178634661	53657	49395	4258	CRISPRessoBatch_on_AAVS1_type2_BC2
REP3_type2_AAVS1_GTCAG_pegRNA_16	10.3099148042968	0.0473309462073507	0.0226365394904721	48594	43577	5010	CRISPRessoBatch_on_AAVS1_type2_BC2
REP3_type2_AAVS1_GTCAG_pegRNA_21	6.40204865556978	0.126071111986605	0.0236383334974884	50765	47515	3250	CRISPRessoBatch_on_AAVS1_type2_BC2
REP3_type2_AAVS1_GTCAG_pegRNA_25	4.93400127226463	0.0834923664122137	0.00993956743002544	50304	47819	2482	CRISPRessoBatch_on_AAVS1_type2_BC2
REP1_type2_EMX1_GCTGC_pegRNA_16	12.2179940201142	0.141946785056326	0.203859744495787	66222	58042	8091	CRISPRessoBatch_on_EMX1_type2_BC1
REP1_type2_EMX1_GCTGC_pegRNA_26	7.5789592845553	0.1132032753481	0.115089996603902	53002	48654	4017	CRISPRessoBatch_on_EMX1_type2_BC1
REP1_type2_EMX1_GCTGC_pegRNA_36	7.010702589554	0.0641480130996995	0.104662547688983	59238	54944	4153	CRISPRessoBatch_on_EMX1_type2_BC1
REP2_type2_EMX1_GCTGC_pegRNA_16	25.0144172450136	0.095452104917772	0.31817368305924	50287	37352	12579	CRISPRessoBatch_on_EMX1_type2_BC1
REP2_type2_EMX1_GCTGC_pegRNA_26	10.9579743207828	0.109353494598314	0.165915646976753	53039	46853	5812	CRISPRessoBatch_on_EMX1_type2_BC1
REP2_type2_EMX1_GCTGC_pegRNA_36	11.1143908534546	0.0531318259637523	0.143652714642738	50817	45052	5648	CRISPRessoBatch_on_EMX1_type2_BC1
REP3_type2_EMX1_GCTGC_pegRNA_16	15.6873489121676	0.0983078162771958	0.230459307010475	62050	52058	9734	CRISPRessoBatch_on_EMX1_type2_BC1
REP3_type2_EMX1_GCTGC_pegRNA_26	9.10241695922225	0.0708884688090737	0.124898730758844	59248	53420	5393	CRISPRessoBatch_on_EMX1_type2_BC1
REP3_type2_EMX1_GCTGC_pegRNA_36	9.59963154258644	0.0707306642102839	0.141461328420568	60794	54792	5836	CRISPRessoBatch_on_EMX1_type2_BC1
REP1_type2_EMX1_GTCAG_pegRNA_16	17.0931338778992	0.273923170291638	0.37725945609028	60966	50428	10421	CRISPRessoBatch_on_EMX1_type2_BC2
REP1_type2_EMX1_GTCAG_pegRNA_26	10.5131365299216	0.0958585206487079	0.256274820509811	51117	45723	5374	CRISPRessoBatch_on_EMX1_type2_BC2
REP1_type2_EMX1_GTCAG_pegRNA_36	9.58421545830007	0.0902370457779475	0.220386631034602	57626	52082	5523	CRISPRessoBatch_on_EMX1_type2_BC2
REP2_type2_EMX1_GTCAG_pegRNA_16	23.6911487758945	0.197291722715452	0.59008160703076	55755	42482	13209	CRISPRessoBatch_on_EMX1_type2_BC2
REP2_type2_EMX1_GTCAG_pegRNA_26	15.9990872709401	0.0982938987572843	0.372112616724005	56972	47658	9115	CRISPRessoBatch_on_EMX1_type2_BC2
REP2_type2_EMX1_GTCAG_pegRNA_36	12.4810718282968	0.126736454012772	0.322601882941602	60756	53151	7583	CRISPRessoBatch_on_EMX1_type2_BC2
REP3_type2_EMX1_GTCAG_pegRNA_16	15.9382449767283	0.165415240906216	0.395699203736438	61663	51782	9828	CRISPRessoBatch_on_EMX1_type2_BC2
REP3_type2_EMX1_GTCAG_pegRNA_26	8.55939474299977	0.106075969113174	0.2137118789486	64105	58557	5487	CRISPRessoBatch_on_EMX1_type2_BC2
REP3_type2_EMX1_GTCAG_pegRNA_36	7.24987835774568	0.129192463213704	0.182882837536283	59601	55261	4321	CRISPRessoBatch_on_EMX1_type2_BC2
REP1_type2_FANCF_GCTGC_pegRNA_17	4.55547715646498	0.147733286293879	0.0418945140236373	45352	43282	2066	CRISPRessoBatch_on_FANCF_type2_BC1
REP1_type2_FANCF_GCTGC_pegRNA_27	3.18919178345172	0.071990785179497	0.0407947782683816	41672	40339	1329	CRISPRessoBatch_on_FANCF_type2_BC1
REP1_type2_FANCF_GCTGC_pegRNA_36	1.98819438089137	0.00915164271986822	0.0183032854397364	43708	42838	869	CRISPRessoBatch_on_FANCF_type2_BC1
REP2_type2_FANCF_GCTGC_pegRNA_17	9.76166328600406	0.154434814678222	0.108334869998156	43384	39146	4235	CRISPRessoBatch_on_FANCF_type2_BC1
REP2_type2_FANCF_GCTGC_pegRNA_27	4.83338572775857	0.0314366551398931	0.0628733102797862	38172	36324	1845	CRISPRessoBatch_on_FANCF_type2_BC1
REP2_type2_FANCF_GCTGC_pegRNA_36	4.11418975650714	0.0636083759509452	0.0559753708368318	39303	37676	1617	CRISPRessoBatch_on_FANCF_type2_BC1
REP3_type2_FANCF_GCTGC_pegRNA_17	6.68532604050936	0.108965045722588	0.0982821981027263	46804	43671	3129	CRISPRessoBatch_on_FANCF_type2_BC1
REP3_type2_FANCF_GCTGC_pegRNA_27	6.33060058953574	0.103629329403095	0.0552689756816507	43424	40661	2749	CRISPRessoBatch_on_FANCF_type2_BC1
REP3_type2_FANCF_GCTGC_pegRNA_36	4.06520528527312	0.0303751328912064	0.0455626993368096	39506	37898	1606	CRISPRessoBatch_on_FANCF_type2_BC1
REP1_type2_FANCF_GTCAG_pegRNA_17	7.61646373742721	0.19410622904535	0.0882301041115229	45336	41882	3453	CRISPRessoBatch_on_FANCF_type2_BC2
REP1_type2_FANCF_GTCAG_pegRNA_27	4.56550212504344	0.0775173077437118	0.0374221485659298	37411	35702	1708	CRISPRessoBatch_on_FANCF_type2_BC2
REP1_type2_FANCF_GTCAG_pegRNA_36	4.98456329050891	0.126979384523454	0.0522856289214222	40164	38162	2002	CRISPRessoBatch_on_FANCF_type2_BC2
REP2_type2_FANCF_GTCAG_pegRNA_17	11.2786707603395	0.304767924869063	0.108361928842333	44296	39299	4996	CRISPRessoBatch_on_FANCF_type2_BC2
REP2_type2_FANCF_GTCAG_pegRNA_27	11.1835421605147	0.031041878315837	0.135455469014561	35436	31472	3963	CRISPRessoBatch_on_FANCF_type2_BC2
REP2_type2_FANCF_GTCAG_pegRNA_36	7.31771105764201	0.0183073543257663	0.0836907626320745	38236	35438	2798	CRISPRessoBatch_on_FANCF_type2_BC2
REP3_type2_FANCF_GTCAG_pegRNA_17	7.66339204402333	0.0813811544498053	0.0736305683117286	51609	47643	3955	CRISPRessoBatch_on_FANCF_type2_BC2
REP3_type2_FANCF_GTCAG_pegRNA_27	7.223376508554	0.0287343618761328	0.0663100658679988	45242	41973	3268	CRISPRessoBatch_on_FANCF_type2_BC2
REP3_type2_FANCF_GTCAG_pegRNA_36	3.50347814069194	0.0437646842032524	0.0437646842032524	43414	41892	1521	CRISPRessoBatch_on_FANCF_type2_BC2
REP1_type2_HEK3_GCTGC_pegRNA_14	6.67745925494761	0.254656577415599	0.0873108265424913	54976	51289	3671	CRISPRessoBatch_on_HEK3_type2_BC1
REP1_type2_HEK3_GCTGC_pegRNA_24	7.92865000785793	0.746503221750746	0.123762376237624	50904	46842	4036	CRISPRessoBatch_on_HEK3_type2_BC1
REP1_type2_HEK3_GCTGC_pegRNA_34	12.9724736744873	0.24016257158692	0.321448365047109	27065	23549	3511	CRISPRessoBatch_on_HEK3_type2_BC1
REP2_type2_HEK3_GCTGC_pegRNA_14	7.4192999617233	7.94241483434696	3.86382001446009	47026	43240	3489	CRISPRessoBatch_on_HEK3_type2_BC1
REP2_type2_HEK3_GCTGC_pegRNA_24	14.4213867828003	1.97024949497599	0.230868116588399	38117	32605	5497	CRISPRessoBatch_on_HEK3_type2_BC1
REP2_type2_HEK3_GCTGC_pegRNA_34	19.4590118686172	0.91774772288159	0.303615788020977	28984	23340	5640	CRISPRessoBatch_on_HEK3_type2_BC1
REP3_type2_HEK3_GCTGC_pegRNA_14	4.87046294637769	0.368012245363209	0.0846753838888798	61411	58385	2991	CRISPRessoBatch_on_HEK3_type2_BC1
REP3_type2_HEK3_GCTGC_pegRNA_24	7.13173277239538	0.299346696061973	0.101130640561477	49441	45893	3526	CRISPRessoBatch_on_HEK3_type2_BC1
REP3_type2_HEK3_GCTGC_pegRNA_34	12.4025056807714	0.386906589694774	0.205736043726586	32566	28515	4039	CRISPRessoBatch_on_HEK3_type2_BC1
REP1_type2_HEK3_GTCAG_pegRNA_14	10.4015131974895	0.307798125698564	0.201186484395151	58155	52083	6049	CRISPRessoBatch_on_HEK3_type2_BC2
REP1_type2_HEK3_GTCAG_pegRNA_24	12.3843504957889	0.0933493755963988	0.23648508484421	48206	42228	5970	CRISPRessoBatch_on_HEK3_type2_BC2
REP1_type2_HEK3_GTCAG_pegRNA_34	16.6753173217572	0.613410088236682	0.254801113575237	21193	17657	3534	CRISPRessoBatch_on_HEK3_type2_BC2
REP2_type2_HEK3_GTCAG_pegRNA_14	14.146175251292	0.778011244250099	0.885910613890624	52827	45344	7473	CRISPRessoBatch_on_HEK3_type2_BC2
REP2_type2_HEK3_GTCAG_pegRNA_24	19.6292409933543	0.0443045353853329	0.284481753526874	42885	34459	8418	CRISPRessoBatch_on_HEK3_type2_BC2
REP2_type2_HEK3_GTCAG_pegRNA_34	26.232758872073	0.443239145015018	0.44032309800834	34293	25253	8996	CRISPRessoBatch_on_HEK3_type2_BC2
REP3_type2_HEK3_GTCAG_pegRNA_14	11.8074609779587	0.392491777660676	0.203514255083314	55033	48522	6498	CRISPRessoBatch_on_HEK3_type2_BC2
REP3_type2_HEK3_GTCAG_pegRNA_24	10.2760463045414	0.265162758484219	0.162263777579895	50535	45338	5193	CRISPRessoBatch_on_HEK3_type2_BC2
REP3_type2_HEK3_GTCAG_pegRNA_34	13.420941841583	0.129307752450833	0.207493835328081	33254	28786	4463	CRISPRessoBatch_on_HEK3_type2_BC2
REP1_type2_RNF2_BC1_14	22.802231866088	0.105393676379417	0.154990700557967	16130	12452	3678	CRISPRessoBatch_on_RNF2_TYPE2_BC1
REP1_type2_RNF2_BC1_22	20.0876185004309	0.057454754380925	0.143636885952313	13924	11127	2797	CRISPRessoBatch_on_RNF2_TYPE2_BC1
REP1_type2_RNF2_BC1_34	0.280212245871341	0.0298098133905682	0.00596196267811364	16773	16726	47	CRISPRessoBatch_on_RNF2_TYPE2_BC1
REP2_type2_RNF2_BC1_14	24.188528234771	0.311249444197421	0.127040589468335	15743	11934	3808	CRISPRessoBatch_on_RNF2_TYPE2_BC1
REP2_type2_RNF2_BC1_22	21.2745347947999	0.0917665052255927	0.142747897017589	19615	15442	4173	CRISPRessoBatch_on_RNF2_TYPE2_BC1
REP2_type2_RNF2_BC1_34	0.502964628910243	0.0613371498671028	0	24455	24332	123	CRISPRessoBatch_on_RNF2_TYPE2_BC1
REP3_type2_RNF2_BC1_14	22.0254239286809	0.202825405061201	0.132072356784038	42401	33060	9339	CRISPRessoBatch_on_RNF2_TYPE2_BC1
REP3_type2_RNF2_BC1_22	19.3376588267099	0.121654501216545	0.159502568261692	36990	29837	7153	CRISPRessoBatch_on_RNF2_TYPE2_BC1
REP3_type2_RNF2_BC1_34	0.287243251751003	0.0905012984968915	0.00393483906508224	25414	25341	73	CRISPRessoBatch_on_RNF2_TYPE2_BC1
REP1_type2_RNF2_BC2_14	16.2978102189781	0.134306569343066	0.169343065693431	17125	14333	2791	CRISPRessoBatch_on_RNF2_TYPE2_BC2
REP1_type2_RNF2_BC2_22	6.47132342730176	0.0972087210109707	0.0416608804332732	7201	6734	466	CRISPRessoBatch_on_RNF2_TYPE2_BC2
REP1_type2_RNF2_BC2_34	0.076608784473953	0.0255362614913177	0	3916	3912	3	CRISPRessoBatch_on_RNF2_TYPE2_BC2
REP2_type2_RNF2_BC2_14	17.0133991537377	0.238011283497884	0.141043723554302	22688	18825	3860	CRISPRessoBatch_on_RNF2_TYPE2_BC2
REP2_type2_RNF2_BC2_22	6.79772770792111	0.140422544201187	0.0446799004276505	15667	14602	1065	CRISPRessoBatch_on_RNF2_TYPE2_BC2
REP2_type2_RNF2_BC2_34	0.189665778142301	0.0512610211195407	0	19508	19470	37	CRISPRessoBatch_on_RNF2_TYPE2_BC2
REP3_type2_RNF2_BC2_14	14.9152636089685	0.599928119211523	0.118879765558044	36171	30765	5395	CRISPRessoBatch_on_RNF2_TYPE2_BC2
REP3_type2_RNF2_BC2_22	7.0150266096212	0.104351455702807	0.0573933006365439	38332	35640	2689	CRISPRessoBatch_on_RNF2_TYPE2_BC2
REP3_type2_RNF2_BC2_34	0.175065649618607	0.0656496186069776	0	31988	31929	56	CRISPRessoBatch_on_RNF2_TYPE2_BC2
REP1_type2_RUNX1_BC1_15	16.4905044255392	1.09993984703961	0.206238721319928	11637	9718	1919	CRISPRessoBatch_on_RUNX1_TYPE2_BC1
REP1_type2_RUNX1_BC1_25	11.228802225432	0.139089498742845	0.171187075375809	18693	16594	2099	CRISPRessoBatch_on_RUNX1_TYPE2_BC1
REP1_type2_RUNX1_BC1_35	9.01326431575542	0.219993529602071	0.148819152377871	15455	14062	1393	CRISPRessoBatch_on_RUNX1_TYPE2_BC1
REP2_type2_RUNX1_BC1_15	16.1616989873314	0.241892501332459	0.209093518100939	24391	20447	3942	CRISPRessoBatch_on_RUNX1_TYPE2_BC1
REP2_type2_RUNX1_BC1_25	10.4500471253534	0.164938737040528	0.10210493245366	25464	22802	2661	CRISPRessoBatch_on_RUNX1_TYPE2_BC1
REP2_type2_RUNX1_BC1_35	7.94434234707272	0.0787608296140719	0.131268049356787	19045	17529	1513	CRISPRessoBatch_on_RUNX1_TYPE2_BC1
REP3_type2_RUNX1_BC1_15	17.4318540211759	0.177968010813246	0.238792520838027	44390	36649	7738	CRISPRessoBatch_on_RUNX1_TYPE2_BC1
REP3_type2_RUNX1_BC1_25	10.3053158314599	0.297338458191312	0.169217008726763	41367	37085	4263	CRISPRessoBatch_on_RUNX1_TYPE2_BC1
REP3_type2_RUNX1_BC1_35	7.42957000635459	0.153569159076467	0.0873755560262656	37768	34962	2806	CRISPRessoBatch_on_RUNX1_TYPE2_BC1
REP1_type2_RUNX1_BC2_15	19.1608052389037	0.0970167353868542	0.202118198722613	12369	9999	2370	CRISPRessoBatch_on_RUNX1_TYPE2_BC2
REP1_type2_RUNX1_BC2_25	12.7881040892193	0.216852540272615	0.161090458488228	16140	14075	2064	CRISPRessoBatch_on_RUNX1_TYPE2_BC2
REP1_type2_RUNX1_BC2_35	7.67366108628134	0.249981062040755	0.0909022043784562	13201	12188	1013	CRISPRessoBatch_on_RUNX1_TYPE2_BC2
REP2_type2_RUNX1_BC2_15	20.5650666946749	0.367608444491125	0.199558869866611	9521	7563	1958	CRISPRessoBatch_on_RUNX1_TYPE2_BC2
REP2_type2_RUNX1_BC2_25	14.1758419689119	0.0647668393782384	0.0971502590673575	12352	10600	1751	CRISPRessoBatch_on_RUNX1_TYPE2_BC2
REP2_type2_RUNX1_BC2_35	7.86904761904762	0.142857142857143	0.0238095238095238	8400	7739	661	CRISPRessoBatch_on_RUNX1_TYPE2_BC2
REP3_type2_RUNX1_BC2_15	14.4937852488638	0.177955429009473	0.117724360729343	36526	31230	5294	CRISPRessoBatch_on_RUNX1_TYPE2_BC2
REP3_type2_RUNX1_BC2_25	12.8970890204131	0.0754922092040101	0.141925353303539	33116	28837	4271	CRISPRessoBatch_on_RUNX1_TYPE2_BC2
REP3_type2_RUNX1_BC2_35	5.79879406811886	0.0597533814981802	0.0597533814981802	36818	34683	2135	CRISPRessoBatch_on_RUNX1_TYPE2_BC2
REP1_type3_AAVS1_GCTGC_pegRNA_16	5.50551062886	0.11771931620432	0.0272972327430307	58614	55387	3227	CRISPRessoBatch_on_AAVS1_type3_BC1
REP1_type3_AAVS1_GCTGC_pegRNA_21	12.8768725708464	0.0301875400928267	0.0433945888834384	53002	46176	6825	CRISPRessoBatch_on_AAVS1_type3_BC1
REP1_type3_AAVS1_GCTGC_pegRNA_25	13.8414133705778	0.0273574174597918	0.0287972815366229	69451	59836	9613	CRISPRessoBatch_on_AAVS1_type3_BC1
REP2_type3_AAVS1_GCTGC_pegRNA_16	6.17164415805552	0.106839390347729	0.0267098475869322	59903	56204	3697	CRISPRessoBatch_on_AAVS1_type3_BC1
REP2_type3_AAVS1_GCTGC_pegRNA_21	16.3787764090565	0.030968274723006	0.041291032964008	29062	24302	4760	CRISPRessoBatch_on_AAVS1_type3_BC1
REP2_type3_AAVS1_GCTGC_pegRNA_25	15.4891490381324	0.0479222290682549	0.0547682617922914	29214	24683	4525	CRISPRessoBatch_on_AAVS1_type3_BC1
REP3_type3_AAVS1_GCTGC_pegRNA_16	5.17940802862879	0.0710256375233907	0.0218540423148894	73213	69416	3792	CRISPRessoBatch_on_AAVS1_type3_BC1
REP3_type3_AAVS1_GCTGC_pegRNA_21	11.4618482638511	0.0680309132469794	0.0435397844780668	36748	32535	4212	CRISPRessoBatch_on_AAVS1_type3_BC1
REP3_type3_AAVS1_GCTGC_pegRNA_25	12.9833144055211	0.0192190093474273	0.0506682973704901	57235	49803	7431	CRISPRessoBatch_on_AAVS1_type3_BC1
REP1_type3_AAVS1_GTCAG_pegRNA_16	2.02954881738478	0.026501181511009	0.00883372717033634	45281	44357	919	CRISPRessoBatch_on_AAVS1_type3_BC2
REP1_type3_AAVS1_GTCAG_pegRNA_21	6.61589038858146	0.05921630286076	0.0285871806914014	48973	45733	3240	CRISPRessoBatch_on_AAVS1_type3_BC2
REP1_type3_AAVS1_GTCAG_pegRNA_25	13.7390292637276	0.00758782912208817	0.0227634873662645	39537	34105	5432	CRISPRessoBatch_on_AAVS1_type3_BC2
REP2_type3_AAVS1_GTCAG_pegRNA_16	2.301188482093	0.0398819494296881	0.0119645848289064	50148	48994	1154	CRISPRessoBatch_on_AAVS1_type3_BC2
REP2_type3_AAVS1_GTCAG_pegRNA_21	10.4145376993824	0.0733105256142533	0.0355444972675168	45014	40323	4688	CRISPRessoBatch_on_AAVS1_type3_BC2
REP2_type3_AAVS1_GTCAG_pegRNA_25	15.0113047658044	0.0658702889391323	0.0284844492709761	56171	47738	8432	CRISPRessoBatch_on_AAVS1_type3_BC2
REP3_type3_AAVS1_GTCAG_pegRNA_16	1.47603645986475	0.0235224933842987	0.00588062334607468	34010	33506	502	CRISPRessoBatch_on_AAVS1_type3_BC2
REP3_type3_AAVS1_GTCAG_pegRNA_21	5.91853019598684	0.0544948521827135	0.0214086919289231	51381	48340	3041	CRISPRessoBatch_on_AAVS1_type3_BC2
REP3_type3_AAVS1_GTCAG_pegRNA_25	11.435186847112	0.0251283339914564	0.041282262985964	55714	49341	6371	CRISPRessoBatch_on_AAVS1_type3_BC2
REP1_type3_EMX1_GCTGC_pegRNA_16	4.54692352007194	0.0983574309039048	0.120839129396226	71169	67933	3236	CRISPRessoBatch_on_EMX1_type3_BC1
REP1_type3_EMX1_GCTGC_pegRNA_26	3.95643821684841	0.0847505508785807	0.108763206960845	70796	67995	2801	CRISPRessoBatch_on_EMX1_type3_BC1
REP1_type3_EMX1_GCTGC_pegRNA_36	1.62688763757359	0.0511901714870745	0.0351932428973637	62512	61495	1017	CRISPRessoBatch_on_EMX1_type3_BC1
REP2_type3_EMX1_GCTGC_pegRNA_16	5.34593646462678	0.044825570064315	0.118885207561879	51310	48567	2743	CRISPRessoBatch_on_EMX1_type3_BC1
REP2_type3_EMX1_GCTGC_pegRNA_26	5.44502617801047	0.0448765893792072	0.104712041884817	53480	50567	2912	CRISPRessoBatch_on_EMX1_type3_BC1
REP2_type3_EMX1_GCTGC_pegRNA_36	1.48652833694642	0.140394342933829	0.0268400949726437	48435	47714	720	CRISPRessoBatch_on_EMX1_type3_BC1
REP3_type3_EMX1_GCTGC_pegRNA_16	2.39301651643643	0.10133873806603	0.0497804327341903	56247	54896	1346	CRISPRessoBatch_on_EMX1_type3_BC1
REP3_type3_EMX1_GCTGC_pegRNA_26	2.29212003206964	0.0329286450578399	0.0472454472569007	69848	68247	1601	CRISPRessoBatch_on_EMX1_type3_BC1
REP3_type3_EMX1_GCTGC_pegRNA_36	1.12396016603181	0.0939480381941479	0.0307466306817211	58543	57885	658	CRISPRessoBatch_on_EMX1_type3_BC1
REP1_type3_EMX1_GTCAG_pegRNA_16	4.79293424926398	0.0608439646712463	0.141315014720314	50950	48508	2442	CRISPRessoBatch_on_EMX1_type3_BC2
REP1_type3_EMX1_GTCAG_pegRNA_26	3.88538519254558	0.0628637478960923	0.164256889663983	49313	47397	1916	CRISPRessoBatch_on_EMX1_type3_BC2
REP1_type3_EMX1_GTCAG_pegRNA_36	4.04089078580525	0.0585137507314219	0.141121398822841	58106	55758	2348	CRISPRessoBatch_on_EMX1_type3_BC2
REP2_type3_EMX1_GTCAG_pegRNA_16	5.67753206018978	0.133005121689761	0.174693294159686	50374	47514	2860	CRISPRessoBatch_on_EMX1_type3_BC2
REP2_type3_EMX1_GTCAG_pegRNA_26	5.35277034337452	0.16513865952964	0.14236091338762	52683	49863	2820	CRISPRessoBatch_on_EMX1_type3_BC2
REP2_type3_EMX1_GTCAG_pegRNA_36	5.23825100861411	0.163559044815178	0.231163450005452	45855	43453	2402	CRISPRessoBatch_on_EMX1_type3_BC2
REP3_type3_EMX1_GTCAG_pegRNA_16	3.21729876459429	0.106420716566158	0.100251399663772	64837	62751	2086	CRISPRessoBatch_on_EMX1_type3_BC2
REP3_type3_EMX1_GTCAG_pegRNA_26	3.37487203021852	0.0370671091185088	0.09002012214495	56654	54742	1912	CRISPRessoBatch_on_EMX1_type3_BC2
REP3_type3_EMX1_GTCAG_pegRNA_36	3.74558176440886	0.0739378200966602	0.104594965014788	55452	53375	2077	CRISPRessoBatch_on_EMX1_type3_BC2
REP1_type3_FANCF_GCTGC_pegRNA_17	3.15879623175128	0.101575414766277	0.0717002927761955	50209	48623	1586	CRISPRessoBatch_on_FANCF_type3_BC1
REP1_type3_FANCF_GCTGC_pegRNA_27	3.01317846772392	0.0804109895018986	0.0692427965155238	44770	43421	1349	CRISPRessoBatch_on_FANCF_type3_BC1
REP1_type3_FANCF_GCTGC_pegRNA_36	1.70698889269979	0.052766271799066	0.0448513310292061	37903	37256	647	CRISPRessoBatch_on_FANCF_type3_BC1
REP2_type3_FANCF_GCTGC_pegRNA_17	4.96174645500536	0.152017344929848	0.0847309791412266	40127	38135	1991	CRISPRessoBatch_on_FANCF_type3_BC1
REP2_type3_FANCF_GCTGC_pegRNA_27	3.95016548717811	0.0618895137636897	0.118397330678363	37163	35695	1468	CRISPRessoBatch_on_FANCF_type3_BC1
REP2_type3_FANCF_GCTGC_pegRNA_36	2.38998714731624	0.015300814003305	0.03060162800661	32678	31897	781	CRISPRessoBatch_on_FANCF_type3_BC1
REP3_type3_FANCF_GCTGC_pegRNA_17	2.75226613216861	0.0837646214138272	0.0388907170849912	33427	32507	920	CRISPRessoBatch_on_FANCF_type3_BC1
REP3_type3_FANCF_GCTGC_pegRNA_27	2.17047042384723	0.179319981369353	0.0279459711224965	42940	42008	932	CRISPRessoBatch_on_FANCF_type3_BC1
REP3_type3_FANCF_GCTGC_pegRNA_36	0.869807638695289	0.0501812099247282	0.0250906049623641	35870	35558	312	CRISPRessoBatch_on_FANCF_type3_BC1
REP1_type3_FANCF_GTCAG_pegRNA_17	1.78612797108836	0.101932076171061	0.0185331047583746	43166	42395	771	CRISPRessoBatch_on_FANCF_type3_BC2
REP1_type3_FANCF_GTCAG_pegRNA_27	1.89106271689383	0.0804707539103757	0.0477795101342856	39766	39014	752	CRISPRessoBatch_on_FANCF_type3_BC2
REP1_type3_FANCF_GTCAG_pegRNA_36	1.42418776791361	0.0468482818392635	0.039821039563374	42691	42082	608	CRISPRessoBatch_on_FANCF_type3_BC2
REP2_type3_FANCF_GTCAG_pegRNA_17	3.39720608233403	0.197799480776363	0.0988997403881815	40445	39071	1374	CRISPRessoBatch_on_FANCF_type3_BC2
REP2_type3_FANCF_GTCAG_pegRNA_27	2.95349184985793	0.0249239818553412	0.0598175564528189	40122	38937	1185	CRISPRessoBatch_on_FANCF_type3_BC2
REP2_type3_FANCF_GTCAG_pegRNA_36	1.8250006602752	0.0792330243245385	0.0290521089189974	37863	37172	691	CRISPRessoBatch_on_FANCF_type3_BC2
REP3_type3_FANCF_GTCAG_pegRNA_17	1.20622997901248	0.039765823483928	0.0265105489892853	45265	44719	546	CRISPRessoBatch_on_FANCF_type3_BC2
REP3_type3_FANCF_GTCAG_pegRNA_27	0.824647529684893	0.0290198544170637	0.0145099272085318	41351	41010	341	CRISPRessoBatch_on_FANCF_type3_BC2
REP3_type3_FANCF_GTCAG_pegRNA_36	0.693658680572637	0.0565749987701087	0.00983913022088847	40654	40372	282	CRISPRessoBatch_on_FANCF_type3_BC2
REP1_type3_HEK3_GCTGC_pegRNA_14	3.87833785520491	0.275596173068685	0.171355133514208	70030	67313	2716	CRISPRessoBatch_on_HEK3_type3_BC1
REP1_type3_HEK3_GCTGC_pegRNA_24	17.0310315907185	0.240424937098127	0.363433044450657	53655	44517	9138	CRISPRessoBatch_on_HEK3_type3_BC1
REP1_type3_HEK3_GCTGC_pegRNA_34	12.0841819416157	0.0833179040918348	0.249953712275505	32406	28490	3916	CRISPRessoBatch_on_HEK3_type3_BC1
REP2_type3_HEK3_GCTGC_pegRNA_14	5.37736612198673	0.635010516097719	0.0970716712506067	49448	46789	2659	CRISPRessoBatch_on_HEK3_type3_BC1
REP2_type3_HEK3_GCTGC_pegRNA_24	22.9273075519883	0.346588836191171	0.401313389273988	43856	33801	10055	CRISPRessoBatch_on_HEK3_type3_BC1
REP2_type3_HEK3_GCTGC_pegRNA_34	22.7517510823273	0.0351976347189469	0.369575164548942	28411	21947	6464	CRISPRessoBatch_on_HEK3_type3_BC1
REP3_type3_HEK3_GCTGC_pegRNA_14	2.91306493174217	0.201027065553099	0.0858933825545057	54719	53125	1594	CRISPRessoBatch_on_HEK3_type3_BC1
REP3_type3_HEK3_GCTGC_pegRNA_24	11.5901190892449	0.0555338447931878	0.248873897036138	48619	42984	5635	CRISPRessoBatch_on_HEK3_type3_BC1
REP3_type3_HEK3_GCTGC_pegRNA_34	9.08830480555755	0.0322280312253814	0.15039747905178	27926	25388	2538	CRISPRessoBatch_on_HEK3_type3_BC1
REP1_type3_HEK3_GTCAG_pegRNA_14	3.41370485115554	0.646564165720553	0.184732618777301	51967	50192	1774	CRISPRessoBatch_on_HEK3_type3_BC2
REP1_type3_HEK3_GTCAG_pegRNA_24	14.6293819139223	0.0743147121897361	0.259039853918509	47097	40206	6890	CRISPRessoBatch_on_HEK3_type3_BC2
REP1_type3_HEK3_GTCAG_pegRNA_34	14.5882445387396	0.0825082508250825	0.271098538425271	25452	21738	3713	CRISPRessoBatch_on_HEK3_type3_BC2
REP2_type3_HEK3_GTCAG_pegRNA_14	2.69309199993259	0.579739454303386	0.138193707130458	59337	57739	1598	CRISPRessoBatch_on_HEK3_type3_BC2
REP2_type3_HEK3_GTCAG_pegRNA_24	19.4102564102564	0.0611439842209073	0.347140039447732	50700	40858	9841	CRISPRessoBatch_on_HEK3_type3_BC2
REP2_type3_HEK3_GTCAG_pegRNA_34	21.0739123402879	0.0485201358563804	0.392204431505742	24732	19520	5212	CRISPRessoBatch_on_HEK3_type3_BC2
REP3_type3_HEK3_GTCAG_pegRNA_14	2.83004488102295	0.37937166567872	0.13040901007706	59045	57372	1671	CRISPRessoBatch_on_HEK3_type3_BC2
REP3_type3_HEK3_GTCAG_pegRNA_24	13.2874707816271	0.0703141331407613	0.210942399422284	52621	45628	6992	CRISPRessoBatch_on_HEK3_type3_BC2
REP3_type3_HEK3_GTCAG_pegRNA_34	9.8321574691537	0.057987822557263	0.199735833252795	31041	27989	3052	CRISPRessoBatch_on_HEK3_type3_BC2
REP1_type3_RNF2_BC1_14	19.3632567849687	0.0664262668438034	0.218257733915354	21076	16988	4081	CRISPRessoBatch_on_RNF2_TYPE3_BC1
REP1_type3_RNF2_BC1_22	7.24781119147316	0.0761324704986677	0.0532927293490674	13135	12179	952	CRISPRessoBatch_on_RNF2_TYPE3_BC1
REP1_type3_RNF2_BC1_34	1.56054520313426	0.105353262658853	0.0263383156647132	15187	14950	237	CRISPRessoBatch_on_RNF2_TYPE3_BC1
REP2_type3_RNF2_BC1_14	17.1294139569552	0.125780303736141	0.21429236932824	21466	17789	3677	CRISPRessoBatch_on_RNF2_TYPE3_BC1
REP2_type3_RNF2_BC1_22	7.26823363260365	0.0706143447997579	0.121053162513871	19826	18381	1441	CRISPRessoBatch_on_RNF2_TYPE3_BC1
REP2_type3_RNF2_BC1_34	1.41996944369552	0.107845780533837	0.0224678709445493	22254	21938	316	CRISPRessoBatch_on_RNF2_TYPE3_BC1
REP3_type3_RNF2_BC1_14	19.7966854173498	0.128648185051585	0.264863910400323	39643	31787	7848	CRISPRessoBatch_on_RNF2_TYPE3_BC1
REP3_type3_RNF2_BC1_22	7.65262020529444	0.0432198811453268	0.0810372771474878	37020	34187	2833	CRISPRessoBatch_on_RNF2_TYPE3_BC1
REP3_type3_RNF2_BC1_34	1.68791853958352	0.107023820444608	0.0519829985016665	32703	32151	552	CRISPRessoBatch_on_RNF2_TYPE3_BC1
REP1_type3_RNF2_BC2_14	4.86441730490582	0.193196715655834	0.0827985924239288	14493	13764	705	CRISPRessoBatch_on_RNF2_TYPE3_BC2
REP1_type3_RNF2_BC2_22	1.75970873786408	0.0707928802588997	0.0303398058252427	9888	9705	174	CRISPRessoBatch_on_RNF2_TYPE3_BC2
REP1_type3_RNF2_BC2_34	0.364635128095847	0.104181465170242	0	21117	21039	77	CRISPRessoBatch_on_RNF2_TYPE3_BC2
REP2_type3_RNF2_BC2_14	6.03863772156941	0.302728540131448	0.0637323242381996	25105	23565	1516	CRISPRessoBatch_on_RNF2_TYPE3_BC2
REP2_type3_RNF2_BC2_22	2.09305257848947	0.145000630437524	0.0315218761820704	15862	15530	332	CRISPRessoBatch_on_RNF2_TYPE3_BC2
REP2_type3_RNF2_BC2_34	0.490760679052531	0.105163002654114	0.0150232860934448	19969	19871	98	CRISPRessoBatch_on_RNF2_TYPE3_BC2
REP3_type3_RNF2_BC2_14	5.37538651824366	0.346320346320346	0.106369820655535	40425	38244	2173	CRISPRessoBatch_on_RNF2_TYPE3_BC2
REP3_type3_RNF2_BC2_22	2.32266966475879	0.0843213409648406	0.0459934587080948	39136	38227	909	CRISPRessoBatch_on_RNF2_TYPE3_BC2
REP3_type3_RNF2_BC2_34	0.348580399670046	0.0612011388733669	0.00532183816290147	37581	37450	131	CRISPRessoBatch_on_RNF2_TYPE3_BC2
REP1_type3_RUNX1_BC1_15	22.3311707460926	0.398112651135358	0.375995281627838	13564	10528	3029	CRISPRessoBatch_on_RUNX1_TYPE3_BC1
REP1_type3_RUNX1_BC1_25	13.208	0.14	0.176	25000	21651	3302	CRISPRessoBatch_on_RUNX1_TYPE3_BC1
REP1_type3_RUNX1_BC1_35	12.7071216942829	0.109733347964446	0.131680017557336	18226	15904	2316	CRISPRessoBatch_on_RUNX1_TYPE3_BC1
REP2_type3_RUNX1_BC1_15	21.7422374673956	0.464501375638689	0.332297137956909	27987	21890	6085	CRISPRessoBatch_on_RUNX1_TYPE3_BC1
REP2_type3_RUNX1_BC1_25	11.5338009033158	0.172584731759263	0.201960856314031	27233	24089	3141	CRISPRessoBatch_on_RUNX1_TYPE3_BC1
REP2_type3_RUNX1_BC1_35	13.2485229147815	0.0745196146271358	0.228881673497631	18787	16289	2489	CRISPRessoBatch_on_RUNX1_TYPE3_BC1
REP3_type3_RUNX1_BC1_15	24.7173733519378	0.711905914514338	0.381581570179685	35117	26388	8680	CRISPRessoBatch_on_RUNX1_TYPE3_BC1
REP3_type3_RUNX1_BC1_25	13.8523610280932	0.185295875672445	0.224148236700538	33460	28818	4635	CRISPRessoBatch_on_RUNX1_TYPE3_BC1
REP3_type3_RUNX1_BC1_35	14.5763430226398	0.144809804683361	0.247236251898421	28313	24180	4127	CRISPRessoBatch_on_RUNX1_TYPE3_BC1
REP1_type3_RUNX1_BC2_15	4.76891916774075	0.055238445958387	0.220953783833548	5431	5170	259	CRISPRessoBatch_on_RUNX1_TYPE3_BC2
REP1_type3_RUNX1_BC2_25	5.23909985935302	0.216830754805438	0.0996249413970933	17064	16145	894	CRISPRessoBatch_on_RUNX1_TYPE3_BC2
REP1_type3_RUNX1_BC2_35	6.76192477411221	0.180710233242278	0.142887161168313	23795	22186	1609	CRISPRessoBatch_on_RUNX1_TYPE3_BC2
REP2_type3_RUNX1_BC2_15	4.22783323546682	0.127226463104326	0.166373067136426	10218	9766	432	CRISPRessoBatch_on_RUNX1_TYPE3_BC2
REP2_type3_RUNX1_BC2_25	6.1703384823162	0.219464843420275	0.109732421710138	11847	11112	731	CRISPRessoBatch_on_RUNX1_TYPE3_BC2
REP2_type3_RUNX1_BC2_35	6.39439300856624	0.19036082028208	0.103833174699316	11557	10818	739	CRISPRessoBatch_on_RUNX1_TYPE3_BC2
REP3_type3_RUNX1_BC2_15	5.12286021097846	0.369528140989198	0.11054260627882	31662	30033	1622	CRISPRessoBatch_on_RUNX1_TYPE3_BC2
REP3_type3_RUNX1_BC2_25	6.18338256067805	0.102735328110954	0.102735328110954	31148	29221	1926	CRISPRessoBatch_on_RUNX1_TYPE3_BC2
REP3_type3_RUNX1_BC2_35	5.98391674550615	0.195127719962157	0.0827814569536424	33824	31800	2024	CRISPRessoBatch_on_RUNX1_TYPE3_BC2
REP1_type4_AAVS1_GCTGC_pegRNA_16	8.3737509495705	0.93301388807729	0.0136348584896472	51339	47040	4299	CRISPRessoBatch_on_AAVS1_type4_BC1
REP1_type4_AAVS1_GCTGC_pegRNA_21	0.987123713681709	0.235861418313329	0.00698848646854308	57237	56672	565	CRISPRessoBatch_on_AAVS1_type4_BC1
REP1_type4_AAVS1_GCTGC_pegRNA_25	1.17009960351997	0.084614640750411	0.00241756116429746	41364	40880	484	CRISPRessoBatch_on_AAVS1_type4_BC1
REP2_type4_AAVS1_GCTGC_pegRNA_16	11.2981777721029	1.13273626032869	0.0346569870309906	54823	48623	6194	CRISPRessoBatch_on_AAVS1_type4_BC1
REP2_type4_AAVS1_GCTGC_pegRNA_21	1.38704847786057	0.156602247500387	0.00860451909342787	58109	57303	806	CRISPRessoBatch_on_AAVS1_type4_BC1
REP2_type4_AAVS1_GCTGC_pegRNA_25	1.83458303201005	0.0837361549880105	0.00761237772618277	52546	51582	964	CRISPRessoBatch_on_AAVS1_type4_BC1
REP3_type4_AAVS1_GCTGC_pegRNA_16	5.15812012737455	0.518831667947732	0.00823542330075766	36428	34548	1879	CRISPRessoBatch_on_AAVS1_type4_BC1
REP3_type4_AAVS1_GCTGC_pegRNA_21	0.339781328847771	0.259041211101766	0.00336417157275021	29725	29624	101	CRISPRessoBatch_on_AAVS1_type4_BC1
REP3_type4_AAVS1_GCTGC_pegRNA_25	1.02244331858509	0.151303271360125	0.00687742142546021	43621	43175	446	CRISPRessoBatch_on_AAVS1_type4_BC1
REP1_type4_AAVS1_GTCAG_pegRNA_16	17.2004880965055	0.0180169851032291	0.0303012931281581	122107	101090	21003	CRISPRessoBatch_on_AAVS1_type4_BC2
REP1_type4_AAVS1_GTCAG_pegRNA_21	5.3089240439213	0.026992895084401	0.00674822377110025	103731	98224	5507	CRISPRessoBatch_on_AAVS1_type4_BC2
REP1_type4_AAVS1_GTCAG_pegRNA_25	5.9504691065844	0.0443749471726819	0.00845237089003465	47324	44507	2816	CRISPRessoBatch_on_AAVS1_type4_BC2
REP2_type4_AAVS1_GTCAG_pegRNA_16	18.2022510465994	0.0308832612723904	0.0411776816965205	58284	47664	10609	CRISPRessoBatch_on_AAVS1_type4_BC2
REP2_type4_AAVS1_GTCAG_pegRNA_21	5.90777101769912	0.0345685840707965	0.0103705752212389	28928	27219	1709	CRISPRessoBatch_on_AAVS1_type4_BC2
REP2_type4_AAVS1_GTCAG_pegRNA_25	7.72803593623934	0.117752240563466	0.0196253734272444	45859	42315	3544	CRISPRessoBatch_on_AAVS1_type4_BC2
REP3_type4_AAVS1_GTCAG_pegRNA_16	12.7202032776821	0.00682139872780914	0.00852674840976142	58639	51176	7459	CRISPRessoBatch_on_AAVS1_type4_BC2
REP3_type4_AAVS1_GTCAG_pegRNA_21	3.81647044580975	0.0181592566810932	0.0060530855603644	33041	31780	1261	CRISPRessoBatch_on_AAVS1_type4_BC2
REP3_type4_AAVS1_GTCAG_pegRNA_25	5.29521305728996	0.0306714864716836	0.00438164092452624	45645	43226	2417	CRISPRessoBatch_on_AAVS1_type4_BC2
REP1_type4_EMX1_GCTGC_pegRNA_16	9.21259709271826	0.22676120691114	0.221684463472831	59093	53648	5444	CRISPRessoBatch_on_EMX1_type4_BC1
REP1_type4_EMX1_GCTGC_pegRNA_26	1.85000498653635	0.1362986602839	0.03823011203085	60162	59049	1113	CRISPRessoBatch_on_EMX1_type4_BC1
REP1_type4_EMX1_GCTGC_pegRNA_36	2.55415930361935	0.0589043785588062	0.0441782839191047	61116	59555	1561	CRISPRessoBatch_on_EMX1_type4_BC1
REP2_type4_EMX1_GCTGC_pegRNA_16	11.9762990928635	0.351318756226732	0.230716795133973	57213	50358	6852	CRISPRessoBatch_on_EMX1_type4_BC1
REP2_type4_EMX1_GCTGC_pegRNA_26	2.60048076114912	0.0941350501773437	0.0420245759720284	59489	57941	1547	CRISPRessoBatch_on_EMX1_type4_BC1
REP2_type4_EMX1_GCTGC_pegRNA_36	2.74773512655272	0.145699075371252	0.0504342953208182	53535	52063	1471	CRISPRessoBatch_on_EMX1_type4_BC1
REP3_type4_EMX1_GCTGC_pegRNA_16	6.00838803792852	0.136761487964989	0.12399708242159	54840	51542	3295	CRISPRessoBatch_on_EMX1_type4_BC1
REP3_type4_EMX1_GCTGC_pegRNA_26	1.32253348345573	0.0655385080746803	0.0252071184902616	59507	58719	787	CRISPRessoBatch_on_EMX1_type4_BC1
REP3_type4_EMX1_GCTGC_pegRNA_36	1.59339315612243	0.0489117143555882	0.0413868352239592	53157	52309	847	CRISPRessoBatch_on_EMX1_type4_BC1
REP1_type4_EMX1_GTCAG_pegRNA_16	6.6360733686262	0.114724867651734	0.233596417266784	72347	67545	4801	CRISPRessoBatch_on_EMX1_type4_BC2
REP1_type4_EMX1_GTCAG_pegRNA_26	1.04686745047512	0.0934127878885489	0.0467063939442744	62090	61440	650	CRISPRessoBatch_on_EMX1_type4_BC2
REP1_type4_EMX1_GTCAG_pegRNA_36	1.49590560319814	0.112837707137791	0.0612547553033722	62036	61095	928	CRISPRessoBatch_on_EMX1_type4_BC2
REP2_type4_EMX1_GTCAG_pegRNA_16	6.06396588486141	0.0460554371002132	0.249040511727079	58625	55066	3555	CRISPRessoBatch_on_EMX1_type4_BC2
REP2_type4_EMX1_GTCAG_pegRNA_26	1.2381824724394	0.0834178416042396	0.0474336746377049	61138	60381	757	CRISPRessoBatch_on_EMX1_type4_BC2
REP2_type4_EMX1_GTCAG_pegRNA_36	1.40623540037998	0.0560625408789361	0.0747500545052481	64214	63311	903	CRISPRessoBatch_on_EMX1_type4_BC2
REP3_type4_EMX1_GTCAG_pegRNA_16	4.56194919647486	0.0838593602293172	0.141798554569573	65586	62592	2992	CRISPRessoBatch_on_EMX1_type4_BC2
REP3_type4_EMX1_GTCAG_pegRNA_26	0.742775935575557	0.0416864045476078	0.0284225485551871	52775	52382	392	CRISPRessoBatch_on_EMX1_type4_BC2
REP3_type4_EMX1_GTCAG_pegRNA_36	0.990231756368512	0.0651216242099215	0.038306837770542	52210	51692	517	CRISPRessoBatch_on_EMX1_type4_BC2
REP1_type4_FANCF_GCTGC_pegRNA_17	3.87723686742351	0.120261689436213	0.0505099095632095	41576	39962	1612	CRISPRessoBatch_on_FANCF_type4_BC1
REP1_type4_FANCF_GCTGC_pegRNA_27	2.56605027654473	0.263488973817267	0.0807083343224061	42127	41043	1081	CRISPRessoBatch_on_FANCF_type4_BC1
REP1_type4_FANCF_GCTGC_pegRNA_36	1.28631305101893	0.0264970853206147	0.0192706075059016	41514	40980	534	CRISPRessoBatch_on_FANCF_type4_BC1
REP2_type4_FANCF_GCTGC_pegRNA_17	3.75097921754758	0.145154601170453	0.0368646606147182	43402	41772	1628	CRISPRessoBatch_on_FANCF_type4_BC1
REP2_type4_FANCF_GCTGC_pegRNA_27	2.4031645859057	0.0297251566287099	0.0320117071386107	43734	42683	1051	CRISPRessoBatch_on_FANCF_type4_BC1
REP2_type4_FANCF_GCTGC_pegRNA_36	1.59711718124388	0.111219859418098	0.0222439718836195	44956	44238	718	CRISPRessoBatch_on_FANCF_type4_BC1
REP3_type4_FANCF_GCTGC_pegRNA_17	2.38871332951803	0.0696708054442758	0.044788374928463	40189	39208	960	CRISPRessoBatch_on_FANCF_type4_BC1
REP3_type4_FANCF_GCTGC_pegRNA_27	2.01699550693495	0.109884743113889	0.0488376636061731	40952	40119	826	CRISPRessoBatch_on_FANCF_type4_BC1
REP3_type4_FANCF_GCTGC_pegRNA_36	0.948224352479672	0.044163873951108	0.0207829995064038	38493	38128	365	CRISPRessoBatch_on_FANCF_type4_BC1
REP1_type4_FANCF_GTCAG_pegRNA_17	5.76248793129732	0.170232227247319	0.0762233853346207	39358	37090	2268	CRISPRessoBatch_on_FANCF_type4_BC2
REP1_type4_FANCF_GTCAG_pegRNA_27	2.91138472736095	0.604516689917309	0.0404358989911243	49461	48021	1440	CRISPRessoBatch_on_FANCF_type4_BC2
REP1_type4_FANCF_GTCAG_pegRNA_36	1.19047619047619	0.220040622884225	0.016926201760325	35448	35026	422	CRISPRessoBatch_on_FANCF_type4_BC2
REP2_type4_FANCF_GTCAG_pegRNA_17	6.17879860102673	0.0715848894524779	0.110445258012394	48893	45871	3021	CRISPRessoBatch_on_FANCF_type4_BC2
REP2_type4_FANCF_GTCAG_pegRNA_27	2.74530438562376	0.0320285511656105	0.0320285511656105	43711	42510	1200	CRISPRessoBatch_on_FANCF_type4_BC2
REP2_type4_FANCF_GTCAG_pegRNA_36	2.10252935862692	0.0542005420054201	0.0338753387533875	44280	43349	931	CRISPRessoBatch_on_FANCF_type4_BC2
REP3_type4_FANCF_GTCAG_pegRNA_17	2.79730076820697	0.0396945851915848	0.0513694631891097	42827	41622	1198	CRISPRessoBatch_on_FANCF_type4_BC2
REP3_type4_FANCF_GTCAG_pegRNA_27	3.0873862413152	0.0146785399745572	0.0538213132400431	40876	39614	1262	CRISPRessoBatch_on_FANCF_type4_BC2
REP3_type4_FANCF_GTCAG_pegRNA_36	1.11704711024769	0.0894660156948953	0.0153370312619821	39121	38684	437	CRISPRessoBatch_on_FANCF_type4_BC2
REP1_type4_HEK3_GCTGC_pegRNA_14	8.42206635897809	0.497874041501617	0.361594650579642	55034	50398	4635	CRISPRessoBatch_on_HEK3_type4_BC1
REP1_type4_HEK3_GCTGC_pegRNA_24	6.88943042418735	0.0578249555986948	0.105324026269051	48422	45084	3336	CRISPRessoBatch_on_HEK3_type4_BC1
REP1_type4_HEK3_GCTGC_pegRNA_34	12.9168163558575	0.463764329337993	0.182892974950194	30619	26663	3955	CRISPRessoBatch_on_HEK3_type4_BC1
REP2_type4_HEK3_GCTGC_pegRNA_14	11.7733911818822	7.63691706607909	3.83663085205461	44023	38839	5183	CRISPRessoBatch_on_HEK3_type4_BC1
REP2_type4_HEK3_GCTGC_pegRNA_24	11.9420396635353	0.581240662286896	0.628312969443933	48861	43025	5835	CRISPRessoBatch_on_HEK3_type4_BC1
REP2_type4_HEK3_GCTGC_pegRNA_34	21.0157898101387	2.30134884612926	0.409128683756313	31286	24709	6575	CRISPRessoBatch_on_HEK3_type4_BC1
REP3_type4_HEK3_GCTGC_pegRNA_14	6.9724567678183	0.40005899487482	0.542015412411047	54242	50460	3782	CRISPRessoBatch_on_HEK3_type4_BC1
REP3_type4_HEK3_GCTGC_pegRNA_24	4.80765452473575	0.15914181303784	0.222012652756493	50898	48444	2447	CRISPRessoBatch_on_HEK3_type4_BC1
REP3_type4_HEK3_GCTGC_pegRNA_34	8.7109184171959	0.222887151929653	0.271739130434783	32752	29898	2853	CRISPRessoBatch_on_HEK3_type4_BC1
REP1_type4_HEK3_GTCAG_pegRNA_14	10.3310600416452	0.0745028368387873	1.33723040479875	52347	46937	5408	CRISPRessoBatch_on_HEK3_type4_BC2
REP1_type4_HEK3_GTCAG_pegRNA_24	7.29811808029843	0.0621726966211531	0.863243980009087	41819	38765	3052	CRISPRessoBatch_on_HEK3_type4_BC2
REP1_type4_HEK3_GTCAG_pegRNA_34	13.4379924839374	0.33640441265608	0.348527094193236	32996	28561	4434	CRISPRessoBatch_on_HEK3_type4_BC2
REP2_type4_HEK3_GTCAG_pegRNA_14	10.3784511362925	0.317723658674012	0.840480811369185	63892	57260	6631	CRISPRessoBatch_on_HEK3_type4_BC2
REP2_type4_HEK3_GTCAG_pegRNA_24	8.30684931506849	0.0584474885844749	0.162557077625571	54750	50201	4548	CRISPRessoBatch_on_HEK3_type4_BC2
REP2_type4_HEK3_GTCAG_pegRNA_34	16.9324341358881	0.0567250724820371	1.6324215303164	31732	26359	5373	CRISPRessoBatch_on_HEK3_type4_BC2
REP3_type4_HEK3_GTCAG_pegRNA_14	7.29054551634283	0.183160558167639	0.657112105591118	52959	49096	3861	CRISPRessoBatch_on_HEK3_type4_BC2
REP3_type4_HEK3_GTCAG_pegRNA_24	4.27957699933906	0.272637144745539	0.088813615333774	48416	46343	2072	CRISPRessoBatch_on_HEK3_type4_BC2
REP3_type4_HEK3_GTCAG_pegRNA_34	10.7864490835372	0.0737191301142646	0.489226954394665	29843	26623	3219	CRISPRessoBatch_on_HEK3_type4_BC2
REP1_type4_RNF2_BC1_14	11.8502039302929	0.148312940304042	0.207638116425658	13485	11887	1598	CRISPRessoBatch_on_RNF2_TYPE4_BC1
REP1_type4_RNF2_BC1_22	1.51975683890578	0.147073242474752	0.058829296989901	10199	10044	155	CRISPRessoBatch_on_RNF2_TYPE4_BC1
REP1_type4_RNF2_BC1_34	0.0248601615910503	0.0435052827843381	0	16090	16086	4	CRISPRessoBatch_on_RNF2_TYPE4_BC1
REP2_type4_RNF2_BC1_14	11.6114203428318	0.36553958627565	0.346154911245881	36111	31914	4193	CRISPRessoBatch_on_RNF2_TYPE4_BC1
REP2_type4_RNF2_BC1_22	1.54547192658212	0.143394302466382	0.0477981008221273	31382	30897	485	CRISPRessoBatch_on_RNF2_TYPE4_BC1
REP2_type4_RNF2_BC1_34	0.0493827160493827	0.0141093474426808	0	14175	14168	7	CRISPRessoBatch_on_RNF2_TYPE4_BC1
REP3_type4_RNF2_BC1_14	12.225955776958	0.155086119792279	0.148036750710811	42557	37353	5203	CRISPRessoBatch_on_RNF2_TYPE4_BC1
REP3_type4_RNF2_BC1_22	1.65525563337793	0.220350987644605	0.0472180687809869	38121	37490	631	CRISPRessoBatch_on_RNF2_TYPE4_BC1
REP3_type4_RNF2_BC1_34	0.0442813765182186	0.0664220647773279	0.00632591093117409	31616	31602	14	CRISPRessoBatch_on_RNF2_TYPE4_BC1
REP1_type4_RNF2_BC2_14	13.4170522141441	0.168238899236916	0.150213302890104	16643	14410	2233	CRISPRessoBatch_on_RNF2_TYPE4_BC2
REP1_type4_RNF2_BC2_22	3.64202836269875	0.171895143962183	0.107434464976364	9308	8969	339	CRISPRessoBatch_on_RNF2_TYPE4_BC2
REP1_type4_RNF2_BC2_34	0.11377427184466	0.0606796116504854	0.00758495145631068	13184	13169	15	CRISPRessoBatch_on_RNF2_TYPE4_BC2
REP2_type4_RNF2_BC2_14	13.6309435087196	0.156506185720674	0.17141153674169	13418	11588	1829	CRISPRessoBatch_on_RNF2_TYPE4_BC2
REP2_type4_RNF2_BC2_22	3.89341334476354	0.042863266180883	0.0571510215745106	13998	13452	545	CRISPRessoBatch_on_RNF2_TYPE4_BC2
REP2_type4_RNF2_BC2_34	0.130432514217144	0.0104346011373715	0	19167	19142	25	CRISPRessoBatch_on_RNF2_TYPE4_BC2
REP3_type4_RNF2_BC2_14	15.6981741463288	0.140650639439481	0.216185242101425	38393	32355	6027	CRISPRessoBatch_on_RNF2_TYPE4_BC2
REP3_type4_RNF2_BC2_22	3.36442537909018	0.0947725458898643	0.0748204309656824	40096	38746	1349	CRISPRessoBatch_on_RNF2_TYPE4_BC2
REP3_type4_RNF2_BC2_34	0.0824742268041237	0.0632302405498282	0	36375	36342	30	CRISPRessoBatch_on_RNF2_TYPE4_BC2
REP1_type4_RUNX1_BC1_15	10.5204564430838	0.259764356619352	0.148436775211059	10779	9645	1134	CRISPRessoBatch_on_RUNX1_TYPE4_BC1
REP1_type4_RUNX1_BC1_25	10.1499961140903	0.101033651977928	0.170980026424186	12867	11561	1306	CRISPRessoBatch_on_RUNX1_TYPE4_BC1
REP1_type4_RUNX1_BC1_35	6.41838351822504	0.158478605388273	0.181118406158026	8834	8267	567	CRISPRessoBatch_on_RUNX1_TYPE4_BC1
REP2_type4_RUNX1_BC1_15	9.70824949698189	0.191146881287726	0.110663983903421	9940	8975	965	CRISPRessoBatch_on_RUNX1_TYPE4_BC1
REP2_type4_RUNX1_BC1_25	9.61372153358317	0.201787258575959	0.180167195157106	13876	12539	1334	CRISPRessoBatch_on_RUNX1_TYPE4_BC1
REP2_type4_RUNX1_BC1_35	5.88804333806269	0.128982329420869	0.0451438152973043	15506	14593	913	CRISPRessoBatch_on_RUNX1_TYPE4_BC1
REP3_type4_RUNX1_BC1_15	8.60615607305547	0.197965004895909	0.217122908595513	46978	42933	4043	CRISPRessoBatch_on_RUNX1_TYPE4_BC1
REP3_type4_RUNX1_BC1_25	9.87443618188468	0.373034255760088	0.231622577105937	41015	36965	4050	CRISPRessoBatch_on_RUNX1_TYPE4_BC1
REP3_type4_RUNX1_BC1_35	6.29014787011613	0.133511348464619	0.0856487895810767	39697	37200	2497	CRISPRessoBatch_on_RUNX1_TYPE4_BC1
REP1_type4_RUNX1_BC2_15	15.259772389906	0.148441365660564	0.267194458189015	10105	8563	1542	CRISPRessoBatch_on_RUNX1_TYPE4_BC2
REP1_type4_RUNX1_BC2_25	5.41630653990205	0.201670988187842	0.0864304235090752	10413	9847	564	CRISPRessoBatch_on_RUNX1_TYPE4_BC2
REP1_type4_RUNX1_BC2_35	3.26417167603904	0.0840281817594209	0.0969555943377933	15471	14966	505	CRISPRessoBatch_on_RUNX1_TYPE4_BC2
REP2_type4_RUNX1_BC2_15	16.2116804654285	0.0559409263817409	0.218169612888789	17876	14976	2898	CRISPRessoBatch_on_RUNX1_TYPE4_BC2
REP2_type4_RUNX1_BC2_25	6.05492445130694	0.121319069151869	0.115804566008603	18134	17034	1098	CRISPRessoBatch_on_RUNX1_TYPE4_BC2
REP2_type4_RUNX1_BC2_35	2.79988629903354	0.108963426189123	0.123176046996399	21108	20517	591	CRISPRessoBatch_on_RUNX1_TYPE4_BC2
REP3_type4_RUNX1_BC2_15	15.6949610291156	0.118452536068797	0.244012224301722	42211	35585	6625	CRISPRessoBatch_on_RUNX1_TYPE4_BC2
REP3_type4_RUNX1_BC2_25	4.89941186864225	0.131256783703965	0.133780952621349	39617	37675	1941	CRISPRessoBatch_on_RUNX1_TYPE4_BC2
REP3_type4_RUNX1_BC2_35	2.69352039693985	0.092880013687581	0.0708821157089434	40913	39811	1102	CRISPRessoBatch_on_RUNX1_TYPE4_BC2
