16
20
34
55
58
66
74
81
93
97
107
116
135
154
159
166
171
180
190
193
201
207
230
237
300
304
307
310
318
320
328
332
340
345
347
348
353
356
357
361
372
377
378
384
386
389
393
395
407
408
409
418
424
429
457
462
467
469
494
498
510
514
538
556
577
579
585
588
593
594
595
596
600
603
604
608
612
617
621
622
627
629
633
637
640
641
653
654
666
681
700
713
737
738
742
750
843
873
888
889
910
914
919
924
931
933
934
936
938
943
948
949
951
952
960
961
962
963
967
968
971
972
975
980
983
984
988
990
996
999
1000
1001
1005
1010
1012
1015
1018
1019
1020
1022
1029
1034
1035
1036
1043
1044
1052
1055
1062
1068
1070
1077
1083
1096
1097
1100
1103
1112
1116
1118
1126
1130
1134
1136
1137
1138
1140
1146
1148
1149
1151
1158
1162
1164
1165
1166
1168
1181
1183
1187
1189
1190
1191
1192
1193
1194
1196
1198
1199
1200
1204
1209
1213
1214
1215
1216
1218
1221
1222
1224
1225
1228
1234
1243
1246
1247
1248
1252
1253
1257
1259
1265
1272
1274
1277
1278
1279
1301
1302
1326
1328
1448
1556
3693
3705
3734
3786
3860
3879
3884
3886
3888
3891
3896
3900
3902
3904
3906
3912
3913
3916
3917
3919
3921
3926
3932
3935
3939
3942
3945
3948
3953
3955
3957
3958
3959
3962
3964
3972
3973
3982
3985
3988
4013
4016
4017
4018
4039
4040
4042
4043
4046
4049
4062
4068
4069
4070
4074
4075
4093
4103
4113
4114
4115
4137
4138
4169
4175
4177
4178
4179
4181
4196
4205
4209
4210
4212
4213
4214
4366
4429
4440
4443
4444
4446
4451
4454
4456
4458
4462
4463
4465
4466
4467
4468
4473
4474
4475
4476
4479
4481
4483
4488
4489
4490
4493
4494
4496
4497
4500
4502
4504
4511
4515
4519
4520
4522
4524
4530
4533
4534
4535
4540
4544
4545
4546
4547
4550
4551
4552
4553
4557
4559
4562
4566
4567
4571
4573
4575
4576
4579
4582
4585
4586
4587
4590
4593
4594
4600
4603
4604
4605
4608
4612
4613
4620
4622
4624
4626
4633
4642
4643
4645
4657
4659
4660
4664
4666
4669
4671
4672
4675
4677
4684
4685
4688
4690
4691
4694
4695
4697
4698
4700
4701
4704
4706
4707
4713
4716
4735
4736
4738
4739
4740
4742
4743
4746
4747
4748
4749
4752
4753
4755
4757
4759
4761
4766
4768
4770
4771
4774
4779
4782
4783
4784
4786
4788
4791
4793
4795
4796
4797
4798
4801
4804
4806
4807
4809
4816
4817
4818
4819
4820
4822
4824
4825
4826
4828
4830
4837
4839
4842
4844
4845
4847
4852
4853
4854
4857
4860
4862
4865
4866
4868
4870
4871
4873
4877
4881
4882
4884
4885
4890
4891
4894
4895
4897
4898
4900
4902
4905
4907
4908
4909
4911
4913
4915
4919
4920
4924
4925
4926
4929
4930
4931
4934
4935
4936
4940
4941
4945
4951
4958
4961
4963
4965
5096
5097
5098
5100
5101
5103
5105
5107
5108
5109
5111
5113
5114
5116
5118
5121
5125
5126
5127
5129
5134
5136
5137
5140
5153
5157
5169
5174
5176
5183
5186
5193
5195
5199
5206
5215
5219
5220
5221
5224
5227
5232
5243
5249
5255
5256
5257
5259
5265
5266
5273
5274
5275
5281
5284
5285
5291
5293
5304
5306
5308
5309
5311
5314
5316
5317
5327
5328
5330
5331
5333
5337
5341
5342
5350
5352
5353
5354
5356
5358
5363
5365
5372
5373
5374
5380
5383
5384
5389
5395
5396
5398
5400
5401
5406
5411
5417
5420
5422
5425
5427
5430
5437
5438
5443
5445
5451
5454
5455
5457
5459
5460
5462
5465
5466
5470
5473
5474
5479
5483
5484
5485
5494
5504
5507
5515
5533
5597
5643
5648
5656
5659
5662
5663
5664
5669
5676
5681
5687
5689
5695
5696
5697
5699
5701
5706
5707
5709
5711
5712
5716
5722
5723
5724
5731
5732
5733
5740
5744
5747
5748
5749
5753
5757
5767
5777
5778
5783
5794
5795
5796
5806
5809
5815
5817
5822
5828
5831
5832
5840
5842
5843
5846
5852
5853
5854
5855
5857
5858
5861
5864
5869
5884
5886
5888
5894
5906
5908
5910
5920
5925
5929
5931
5933
5935
5944
5945
5949
5950
5952
5956
5974
5978
5983
5985
5986
5990
5993
5998
6000
6006
6012
6014
6016
6021
6027
6031
6032
6038
6040
6041
6048
6052
6063
6065
6069
6076
6077
6082
6083
6086
6087
6088
6090
6093
6097
6104
6107
6110
6111
6112
6115
6117
6121
6132
6135
6137
6140
6141
6143
6144
6145
6147
6148
6150
6156
6158
6165
6167
6169
6170
6174
6366
6370
6371
6382
6385
6387
6392
6393
6394
6396
6400
6409
6410
6412
6415
6421
6424
6445
6449
6451
6455
6457
6460
6462
6465
6467
6472
6475
6476
6487
6493
6498
6500
6502
6503
6504
6506
6509
6515
6517
6518
6523
6530
6534
6536
6541
6542
6545
6546
6547
6548
6551
6553
6554
6558
6560
6561
6564
6566
6577
6582
6591
6601
6607
6613
6616
6628
6630
6643
6645
6647
6660
6661
6728
6795
6805
6819
6828
6838
6844
6858
6859
6861
6868
6871
6875
6883
6885
6888
6891
6896
6898
6900
6903
6905
6907
6910
6912
6916
6917
6922
6930
6933
6935
6937
6938
6940
6945
6946
6948
6949
6950
6952
6953
6954
6956
6960
6963
6964
6966
6967
6971
6973
6974
6975
6979
6980
6984
6989
6990
6991
6992
6993
6994
6996
6997
6998
6999
7000
7004
7008
7012
7013
7014
7017
7018
7020
7027
7029
7031
7032
7035
7036
7037
7038
7039
7041
7042
7045
7046
7047
7050
7051
7054
7056
7058
7059
7063
7064
7065
7067
7068
7069
7070
7072
7075
7078
7079
7081
7082
7092
7093
7094
7095
7097
7101
7103
7105
7106
7107
7115
7116
7117
7119
7120
7122
7124
7125
7126
7127
7130
7131
7135
7142
7143
7144
7148
7149
7150
7151
7152
7153
7163
7164
7168
7171
7172
7173
7177
7180
7183
7185
7186
7188
7189
7190
7191
7192
7212
7225
7235
7343
7345
7395
7397
7409
7410
7415
7426
7468
7475
7476
7481
7484
7487
7489
7491
7493
7502
7504
7506
7509
7512
7515
7517
7522
7524
7526
7528
7531
7534
7535
7537
7541
7542
7543
7545
7548
7549
7550
7552
7554
7555
7558
7561
7563
7566
7573
7575
7580
7581
7583
7586
7595
7598
7600
7605
7606
7608
7612
7613
7614
7617
7618
7619
7620
7624
7631
7632
7636
7637
7638
7641
7649
7652
7653
7654
7656
7659
7662
7663
7664
7670
7672
7673
7678
7679
7680
7683
7684
7687
7689
7692
7696
7699
7701
7705
7710
7712
7722
7723
7724
7725
7726
7728
7734
7740
7744
7750
7751
7775
7776
7777
7781
7782
7784
7790
7791
7793
7794
7796
7797
7798
7800
7802
7805
7807
7809
7811
7812
7814
7815
7816
7819
7820
7821
7823
7824
7826
7827
7829
7830
7832
7834
7835
7837
7838
7840
7842
7843
7844
7845
7847
7848
7849
7852
7853
7854
7857
7859
7860
7862
7865
7866
7867
7868
7869
7870
7872
7873
7877
7879
7880
7881
7882
7884
7885
7888
7889
7892
7893
7897
7899
7900
7901
7902
7908
7909
7911
7916
7919
7920
7921
7922
7923
7925
7926
7928
7929
7934
7935
7937
7940
7946
7950
7952
7956
7960
7966
7974
7979
7984
7985
7993
8134
8135
8137
8138
8143
8145
8146
8149
8151
8155
8158
8159
8161
8162
8163
8164
8169
8172
8173
8175
8177
8183
8185
8187
8188
8189
8190
8191
8194
8195
8196
8197
8201
8204
8206
8207
8212
8213
8214
8217
8219
8222
8223
8225
8228
8229
8232
8233
8234
8235
8236
8237
8240
8242
8245
8251
8253
8255
8256
8263
8266
8269
8272
8274
8276
8278
8283
8285
8293
8296
8297
8299
8300
8301
8302
8303
8304
8309
8311
8312
8313
8314
8316
8323
8327
8332
8333
8340
8341
8342
8348
8349
8352
8364
8366
8367
8368
8369
8370
8372
8373
8374
8376
8378
8381
8385
8387
8392
8395
8396
8403
8405
8407
8409
8410
8412
8415
8416
8417
8420
8423
8424
8425
8428
8429
8431
8436
8438
8439
8441
8443
8446
8447
8449
8450
8453
8454
8456
8459
8461
8462
8466
8478
8479
8480
8482
8483
8487
8490
8491
8494
8496
8498
8499
8503
8504
8505
8507
8509
8511
8515
8516
8520
8522
8523
8524
8528
8529
8531
8533
8534
8536
8537
8538
8539
8541
8543
8544
8545
8549
8552
8553
8554
8555
8557
8558
8559
8560
8561
8566
8568
8569
8570
8572
8579
8580
8581
8582
8584
8587
8589
8595
8598
8599
8600
8602
8603
8604
8606
8607
8610
8612
8613
8614
8616
8618
8621
8622
8623
8625
8626
8630
8631
8637
8640
8641
8642
8646
8647
8649
8650
8651
8653
8656
8658
8660
8661
8662
8664
8667
8671
8674
8676
8677
8679
8681
8683
8686
8687
8689
8690
8693
8701
8712
8713
8716
8720
8721
8725
8732
8739
8744
8754
8756
8757
8767
8783
8805
8812
8899
8913
8933
8935
8950
8954
8955
8965
8967
8972
8973
8978
9002
9017
9021
9038
9042
9043
9044
9046
9056
9063
9081
9086
9113
9119
9126
9136
9142
9174
9184
9208
9210
9214
9221
9224
9229
9231
9237
9241
9242
9244
9247
9248
9249
9252
9253
9254
9255
9260
9265
9267
9272
9273
9274
9278
9279
9280
9284
9287
9288
9293
9294
9296
9298
9302
9306
9307
9310
9320
9336
9342
9360
9364
9365
9367
9369
9375
9376
9379
9384
9418
9419
9424
9442
9443
9444
9449
9470
9481
9488
9506
9510
9517
9528
9532
9534
9537
9539
9542
9550
9554
9557
9562
9563
9565
9566
9574
9575
9579
9582
9585
9599
9600
9603
9604
9605
9793
9820
9839
9840
9842
9855
9857
9859
9870
9872
9878
9884
9896
9912
9920
9922
9934
9947
9948
9950
9955
9959
9960
9963
9974
9988
10006
10009
10028
10035
10053
10059
10075
10095
10099
10109
10111
10119
10124
10131
10145
10163
10220
10221
10233
10236
10239
10250
10264
10279
10281
10297
10303
10309
10318
10322
10325
10328
10335
10343
10373
10382
10404
10418
10420
10425
10543
10623
10627
10630
10637
10638
10656
10660
10667
10671
10676
10686
10695
10709
10725
10732
10757
10761
10764
10766
10767
10768
10780
10787
10793
10799
10801
10802
10812
10819
10825
10831
10833
10834
10836
10837
10842
10846
10869
10881
10886
10888
10965
10971
10973
10976
10983
10994
11002
11004
11026
11030
11040
11058
11066
11069
11094
11101
11114
11132
11135
11146
11150
11173
11178
11179
11195
11219
11237
11608
11777
11806
12251
12628
12880
12899
12905
12907
12929
12934
12941
12965
12967
12990
12993
12996
12998
12999
13017
13024
13026
13028
13033
13034
13043
13047
13050
13056
13069
13073
13085
13106
13109
13116
13130
13131
13134
13139
13144
13149
13164
13165
13169
13175
13220
13227
13232
13236
13237
13252
13256
13267
13268
13293
13302
13303
13316
13326
13328
13336
13351
13352
13354
13358
13403
13418
13421
13433
13438
13479
13485
13500
13588
13652
13683
13696
13703
13705
13709
13710
13716
13732
13737
13745
13748
13751
13762
13771
13772
13777
13784
13785
13788
13793
13795
13796
13798
13799
13804
13809
13810
13812
13813
13815
13836
13837
13840
13843
13855
13861
13862
13868
13869
13871
13878
13887
13890
13904
13906
13910
13918
13920
13928
13930
13932
13935
13937
13945
13949
13954
13955
13960
13962
13964
13965
13969
13971
13976
13979
13984
13987
13991
13993
13997
14002
14012
14013
14026
14028
14029
14030
14032
14041
14049
14053
14055
14062
14063
14069
14070
14071
14076
14078
14079
14091
14095
14097
14105
14107
14108
14116
14117
14122
14126
14127
14129
14130
14148
14150
14153
14155
14157
14160
14166
14168
14173
14174
14178
14183
14184
14192
14193
14194
14195
14205
14217
14221
14223
14225
14228
14233
14234
14238
14240
14243
14244
14251
14258
14262
14264
14267
14268
14270
14273
14275
14277
14278
14280
14281
14282
14290
14297
14299
14301
14305
14306
14307
14311
14314
14320
14321
14330
14331
14333
14338
14339
14350
14361
14364
14365
14367
14372
14411
14539
14598
14602
14603
14606
14607
14612
14619
14624
14634
14637
14647
14651
14657
14658
14665
14666
14667
14669
14674
14675
14678
14679
14680
14685
14695
14699
14700
14702
14705
14714
14715
14717
14718
14722
14723
14725
14732
14735
14738
14743
14744
14745
14747
14753
14754
14761
14763
14769
14775
14777
14781
14782
14783
14788
14800
14802
14803
14804
14814
14819
14827
14828
14831
14833
14834
14841
14846
14851
14855
14856
14860
14862
14870
14883
14885
14886
14891
14892
14896
14897
14902
14904
14906
14912
14913
14915
14917
14919
14920
14925
14927
14936
14943
14944
14945
14951
14956
14960
14966
14980
14996
14999
15009
15012
15015
15019
15021
15023
15024
15026
15031
15033
15034
15037
15041
15042
15045
15051
15054
15055
15056
15063
15065
15071
15075
15084
15085
15087
15090
15094
15095
15096
15097
15103
15117
15118
15121
15122
15124
15127
15128
15135
15136
15139
15140
15141
15146
15148
15149
15150
15151
15152
15154
15155
15156
15157
15164
15165
15167
15168
15171
15172
15173
15174
15178
15180
15181
15185
15190
15194
15195
15196
15199
15208
15210
15213
15215
15216
15223
15224
15235
15241
15248
15256
15257
15260
15271
15351
15400
15450
15452
15457
15461
15483
15485
15496
15497
15498
15500
15501
15503
15504
15505
15512
15513
15515
15519
15520
15524
15526
15527
15531
15534
15542
15543
15547
15548
15550
15551
15552
15553
15556
15557
15562
15566
15575
15578
15579
15585
15596
15600
15603
15606
15620
15627
15631
15636
15639
15647
15653
15656
15657
15660
15661
15662
15666
15671
15677
15679
15681
15684
15686
15700
15701
15710
15717
15718
15722
15723
15727
15735
15740
15743
15744
15745
15749
15751
15752
15753
15756
15758
15763
15764
15766
15770
15772
15773
15780
15790
15793
15794
15795
15802
15805
15813
15815
15818
15823
15826
15836
15839
15844
15848
15849
15851
15852
15857
15858
15861
15875
15877
15878
15894
15905
15910
15911
15912
15914
15915
15918
15922
15924
15927
15931
15932
15935
15936
15937
15944
15947
15949
15951
15952
15955
15961
15963
15967
15969
15970
15971
15974
15977
15978
15981
15983
15984
15987
15988
15995
16003
16007
16009
16015
16016
16018
16021
16027
16029
16030
16031
16033
16035
16040
16044
16045
16047
16049
16050
16052
16056
16061
16063
16064
16067
16072
16075
16076
16081
16084
16090
16092
16096
16097
16098
16099
16100
16102
16103
16106
16108
16109
16133
16136
16140
16142
16149
16153
16156
16157
16158
16159
16160
16161
16165
16175
16179
16204
16355
16358
16360
16365
16370
16375
16380
16384
16389
16393
16395
16396
16397
16402
16405
16408
16409
16412
16415
16416
16417
16424
16425
16426
16428
16429
16432
16433
16435
16439
16440
16442
16443
16444
16445
16447
16449
16453
16454
16456
16464
16468
16471
16473
16474
16475
16476
16485
16486
16487
16490
16492
16496
16497
16500
16501
16506
16507
16509
16511
16512
16517
16521
16522
16526
16528
16531
16541
16552
16556
16557
16559
16562
16571
16576
16579
16582
16591
16593
16599
16601
16605
16612
16620
16621
16624
16626
16630
16632
16633
16634
16636
16637
16645
16651
16654
16657
16659
16663
16669
16671
16674
16675
16677
16678
16680
16683
16684
16688
16692
16696
16698
16699
16702
16704
16705
16708
16710
16713
16714
16717
16718
16724
16728
16729
16734
16739
16740
16764
16767
16769
16772
16773
16775
16780
16784
16786
16788
16791
16792
16797
16798
16803
16804
16809
16811
16817
16820
16821
16822
16823
16825
16832
16835
16837
16842
16844
16845
16846
16848
16851
16853
16855
16858
16862
16863
16865
16867
16868
16869
16870
16873
16874
16878
16880
16881
16885
16886
16887
16888
16892
16900
16901
16905
16906
16909
16910
16911
16915
16916
16917
16924
16928
16930
16931
16934
16935
16938
16939
16940
16945
16946
16947
16951
16954
16957
16968
16971
16974
16977
16978
16998
17001
17013
17015
17024
17026
17034
17037
17048
17065
17202
17212
17213
17216
17225
17226
17233
17234
17235
17237
17245
17250
17251
17252
17253
17254
17257
17258
17260
17261
17264
17265
17269
17276
17278
17279
17283
17285
17288
17291
17297
17300
17301
17304
17306
17310
17316
17318
17320
17321
17323
17324
17326
17328
17331
17332
17336
17343
17344
17347
17356
17358
17359
17360
17361
17363
17367
17368
17370
17371
17375
17376
17377
17380
17387
17389
17392
17395
17401
17406
17409
17413
17417
17418
17430
17432
17435
17436
17437
17443
17448
17452
17456
17458
17459
17461
17463
17464
17465
17468
17470
17471
17472
17475
17481
17485
17488
17489
17491
17493
17494
17495
17496
17499
17500
17501
17503
17516
17522
17525
17526
17529
17531
17535
17536
17537
17538
17539
17541
17547
17560
17561
17569
17570
17575
17576
17582
17583
17584
17585
17588
17590
17591
17592
17593
17595
17596
17597
17598
17599
17601
17604
17607
17608
17610
17613
17614
17615
17617
17621
17622
17623
17626
17632
17633
17635
17636
17642
17643
17644
17645
17646
17647
17648
17650
17660
17661
17662
17666
17667
17668
17671
17672
17673
17674
17675
17676
17677
17679
17680
17682
17684
17685
17687
17691
17693
17694
17695
17696
17697
17702
17705
17708
17709
17711
17716
17718
17719
17720
17722
17725
17735
17737
17738
17740
17741
17750
17754
17755
17756
17757
17758
17765
17766
17767
17770
17771
17773
17782
17793
17797
17802
17806
17813
17825
17856
17906
17924
17945
17953
17988
17989
17996
18016
18018
18019
18021
18024
18025
18029
18031
18035
18037
18042
18043
18046
18049
18050
18054
18059
18060
18061
18062
18065
18066
18070
18073
18075
18079
18080
18081
18084
18086
18088
18090
18092
18093
18096
18099
18102
18105
18108
18111
18112
18129
18133
18134
18139
18140
18142
18145
18147
18148
18151
18157
18165
18169
18174
18179
18180
18183
18192
18193
18194
18196
18197
18198
18201
18204
18205
18206
18211
18212
18213
18214
18215
18217
18223
18224
18226
18228
18229
18231
18234
18238
18240
18242
18256
18258
18263
18265
18266
18267
18271
18272
18277
18278
18279
18280
18282
18283
18284
18288
18289
18292
18294
18295
18296
18297
18298
18304
18306
18309
18311
18315
18316
18317
18319
18324
18328
18329
18330
18331
18332
18335
18336
18338
18339
18340
18342
18343
18344
18347
18348
18352
18353
18359
18360
18362
18364
18365
18368
18372
18373
18374
18378
18379
18384
18385
18390
18392
18395
18396
18399
18401
18402
18403
18406
18407
18408
18414
18415
18416
18417
18419
18420
18421
18424
18425
18427
18428
18430
18438
18445
18447
18452
18455
18590
18615
18619
18620
18629
18633
18634
18636
18638
18639
18649
18652
18656
18664
18665
18668
18671
18673
18674
18678
18680
18681
18688
18689
18690
18691
18693
18697
18698
18699
18705
18707
18708
18711
18717
18721
18724
18725
18737
18739
18740
18744
18746
18747
18748
18752
18760
18762
18770
18773
18775
18777
18778
18794
18801
18803
18804
18806
18808
18811
18812
18814
18818
18821
18822
18825
18826
18834
18835
18838
18847
18853
18855
18867
18873
18874
18875
18878
18879
18880
18881
18884
18886
18887
18895
18896
18898
18903
18904
18906
18911
18912
18913
18917
18920
18921
18923
18924
18925
18926
18927
18936
18937
18939
18940
18941
18944
18946
18947
18949
18951
18954
18961
18964
18966
18971
18975
18976
18977
18978
18981
18982
18989
18991
18992
18994
18995
18996
18998
18999
19006
19019
19024
19027
19042
19049
19153
19175
19181
19189
19190
19192
19193
19203
19205
19207
19210
19211
19214
19215
19218
19219
19222
19223
19227
19230
19235
19241
19242
19244
19245
19247
19249
19250
19251
19252
19253
19254
19257
19258
19259
19260
19262
19269
19272
19273
19274
19276
19277
19278
19283
19286
19287
19292
19293
19294
19295
19299
19300
19301
19305
19306
19307
19310
19312
19313
19315
19318
19321
19323
19324
19328
19330
19331
19337
19339
19340
19343
19345
19348
19350
19351
19353
19354
19355
19356
19358
19359
19362
19365
19366
19368
19369
19372
19373
19376
19377
19380
19386
19387
19388
19389
19390
19391
19393
19394
19397
19398
19401
19408
19411
19417
19422
19425
19426
19427
19430
19431
19432
19435
19436
19439
19440
19441
19442
19443
19444
19446
19447
19450
19451
19452
19453
19454
19455
19456
19461
19464
19465
19466
19468
19469
19470
19473
19475
19479
19481
19482
19483
19484
19487
19488
19490
19491
19492
19493
19494
19495
19496
19498
19499
19500
19501
19502
19504
19510
19512
19513
19514
19515
19517
19518
19519
19521
19522
19523
19524
19526
19529
19540
19541
19542
19543
19544
19545
19548
19549
19550
19551
19552
19553
19554
19555
19556
19557
19558
19564
19565
19566
19568
19569
19571
19575
19578
19580
19583
19584
19585
19588
19591
19593
19596
19599
19600
19609
19615
19616
19617
19755
19759
19762
19766
19769
19771
19772
19773
19775
19777
19778
19779
19780
19781
19782
19783
19784
19785
19789
19790
19791
19792
19794
19795
19797
19798
19799
19800
19802
19804
19810
19814
19816
19817
19820
19823
19830
19835
19857
19859
19866
19867
19876
19880
19881
19882
19883
19885
19890
19891
19895
19902
19905
19936
19963
19964
19967
19970
19974
19975
19978
19979
19980
19981
19983
19984
19985
19991
19993
19996
19998
19999
20001
20002
20003
20006
20007
20008
20009
20011
20014
20017
20018
20020
20021
20027
20044
20051
20057
20060
20061
20071
20074
20075
20078
20079
20081
20084
20088
20092
20098
20102
20103
20104
20109
20113
20114
20116
20117
20124
20128
20133
20136
20139
20140
20142
20143
20145
20146
20148
20149
20150
20154
20157
20160
20161
20162
20163
20166
20171
20174
20180
20182
20183
20191
20192
20193
20194
20195
20198
20200
20201
20202
20209
20211
20213
20214
20215
20217
20218
20220
20221
20222
20224
20227
20229
20230
20231
20236
20238
20239
20240
20241
20243
20244
20246
20248
20249
20253
20254
20255
20256
20257
20259
20260
20261
20262
20266
20268
20270
20271
20272
20273
20275
20277
20279
20283
20284
20288
20289
20290
20295
20299
20300
20309
20404
20405
20409
20410
20413
20417
20418
20424
20426
20428
20429
20432
20434
20435
20438
20441
20442
20443
20444
20446
20447
20448
20451
20452
20455
20456
20457
20458
20459
20462
20465
20467
20468
20469
20475
20477
20481
20483
20484
20485
20486
20487
20488
20489
20491
20495
20496
20497
20501
20506
20507
20509
20510
20511
20515
20517
20523
20524
20525
20527
20532
20536
20537
20540
20541
20542
20544
20545
20546
20549
20559
20562
20566
20573
20574
20575
20578
20582
20583
20587
20593
20594
20600
20602
20604
20606
20609
20610
20613
20614
20618
20620
20622
20623
20626
20627
20628
20629
20632
20640
20643
20645
20648
20649
20650
20652
20655
20656
20658
20661
20664
20666
20667
20668
20670
20673
20674
20676
20677
20679
20680
20681
20684
20685
20686
20689
20692
20694
20696
20698
20699
20704
20705
20706
20707
20710
20712
20717
20718
20719
20721
20726
20727
20728
20729
20732
20734
20736
20738
20739
20740
20742
20743
20745
20746
20747
20749
20750
20751
20752
20753
20754
20755
20757
20758
20761
20763
20764
20766
20767
20769
20770
20771
20772
20773
20775
20776
20777
20778
20781
20782
20783
20784
20785
20786
20787
20789
20791
20792
20795
20796
20797
20798
20801
20802
20805
20812
20814
20817
20818
20819
20821
20823
20836
20844
20868
20997
21001
21009
21014
21015
21018
21021
21022
21023
21026
21027
21028
21029
21035
21038
21042
21047
21048
21051
21055
21056
21058
21063
21067
21069
21070
21074
21075
21080
21087
21090
21091
21099
21100
21103
21108
21111
21116
21117
21119
21122
21125
21126
21127
21128
21131
21139
21144
21146
21152
21153
21157
21158
21159
21167
21170
21175
21176
21178
21182
21183
21184
21187
21188
21189
21191
21196
21198
21201
21205
21206
21208
21209
21212
21219
21220
21224
21225
21227
21228
21231
21232
21233
21234
21236
21237
21240
21244
21245
21247
21254
21255
21268
21270
21271
21273
21275
21278
21279
21280
21281
21284
21286
21287
21289
21291
21292
21295
21298
21300
21303
21309
21311
21313
21314
21318
21331
21338
21342
21345
21346
21348
21350
21351
21352
21353
21354
21355
21356
21361
21366
21367
21369
21372
21373
21375
21379
21385
21386
21387
21390
21391
21392
21393
21394
21398
21399
21408
21410
21412
21413
21415
21419
21421
21422
21424
21429
21433
21441
21442
21444
21446
21448
21449
21450
21451
21453
21456
21459
21461
21462
21464
21468
21472
21474
21475
21477
21482
21485
21492
21496
21498
21501
21503
21509
21513
21518
21520
21533
21538
21539
21553
21554
21558
21567
21581
21595
21699
21716
21734
21735
21740
21743
21744
21746
21748
21754
21759
21760
21762
21765
21767
21768
21769
21775
21780
21786
21789
21793
21794
21795
21797
21798
21800
21802
21803
21804
21807
21808
21810
21812
21813
21815
21818
21822
21823
21824
21826
21841
21845
21846
21848
21852
21853
21855
21856
21857
21859
21861
21866
21867
21869
21870
21873
21877
21879
21881
21884
21892
21894
21896
21901
21906
21915
21917
21922
21927
21930
21931
21932
21934
21936
21940
21941
21944
21945
21949
21951
21955
21962
21968
21980
21981
21983
21989
21991
21994
21996
21997
22005
22006
22007
22018
22019
22022
22026
22029
22030
22033
22037
22038
22042
22043
22044
22045
22053
22054
22056
22059
22061
22067
22071
22076
22081
22082
22085
22086
22087
22088
22090
22091
22093
22095
22096
22100
22101
22104
22109
22110
22112
22116
22124
22125
22126
22133
22134
22135
22142
22143
22144
22145
22147
22148
22149
22151
22152
22153
22156
22157
22158
22159
22162
22164
22167
22169
22170
22171
22172
22174
22175
22176
22179
22181
22182
22184
22185
22186
22187
22189
22190
22191
22194
22199
22204
22206
22209
22210
22212
22213
22214
22217
22219
22221
22223
22224
22225
22228
22229
22231
22234
22235
22239
22240
22241
22243
22244
22245
22246
22247
22249
22252
22258
22261
22264
22268
22269
22275
22276
22279
22280
22282
22283
22289
22294
22295
22303
22304
22306
22311
22313
22315
22316
22463
22465
22469
22478
22483
22487
22492
22495
22496
22497
22498
22499
22500
22504
22505
22509
22513
22517
22518
22522
22525
22526
22528
22534
22537
22538
22541
22542
22544
22547
22548
22550
22555
22556
22560
22563
22570
22571
22580
22591
22593
22594
22600
22601
22602
22603
22605
22607
22608
22613
22615
22616
22624
22629
22632
22636
22640
22644
22647
22652
22655
22656
22657
22659
22665
22666
22667
22668
22670
22671
22679
22680
22684
22686
22688
22692
22702
22703
22704
22708
22710
22712
22723
22725
22727
22728
22729
22731
22732
22735
22740
22742
22745
22749
22750
22758
22760
22762
22763
22767
22772
22774
22778
22782
22783
22785
22787
22788
22789
22795
22798
22800
22806
22809
22814
22819
22820
22824
22825
22827
22829
22834
22835
22837
22840
22841
22843
22844
22846
22850
22851
22855
22859
22866
22868
22870
22872
22874
22878
22879
22880
22881
22883
22884
22889
22892
22894
22896
22897
22903
22904
22906
22907
22908
22910
22911
22912
22913
22915
22916
22917
22919
22921
22923
22924
22927
22928
22930
22931
22933
22937
22944
22947
22948
22949
22950
22951
22952
22953
22957
22958
22961
22963
22966
22971
22980
22981
22984
22989
22990
22991
22995
22998
23000
23003
23005
23012
23014
23016
23019
23023
23024
23030
23034
23037
23041
23043
23046
23050
23056
23059
23064
23068
23070
23071
23073
23077
23079
23085
23087
23091
23092
23094
23095
23100
23101
23103
23104
23106
23107
23108
23109
23116
23124
23128
23129
23131
23143
23144
23146
23291
23295
23297
23306
23308
23310
23314
23321
23322
23325
23327
23328
23332
23333
23336
23338
23348
23353
23364
23368
23373
23374
23378
23379
23382
23385
23387
23395
23397
23398
23403
23407
23411
23412
23417
23418
23420
23425
23429
23430
23431
23436
23438
23439
23442
23446
23449
23450
23456
23457
23460
23461
23462
23475
23478
23485
23488
23489
23492
23501
23503
23506
23511
23512
23530
23533
23541
23543
23544
23547
23548
23550
23551
23558
23561
23564
23565
23571
23576
23580
23582
23584
23585
23587
23588
23595
23596
23597
23598
23599
23600
23601
23606
23614
23619
23621
23622
23627
23628
23629
23636
23638
23653
23656
23657
23664
23665
23667
23671
23672
23673
23676
23678
23679
23682
23688
23691
23706
23709
23715
23719
23721
23724
23732
23735
23737
23739
23743
23746
23748
23749
23756
23758
23764
23765
23767
23768
23774
23776
23778
23781
23783
23788
23789
23794
23797
23798
23800
23802
23805
23807
23811
23814
23818
23824
23825
23826
23827
23828
23830
23832
23833
23836
23837
23838
23844
23848
23849
23851
23853
23856
23858
23860
23864
23865
23867
23868
23870
23871
23873
23874
23875
23877
23879
23880
23886
23888
23891
23894
23896
23898
23903
23904
23905
23906
23907
23908
23909
23912
23914
23915
23916
23917
23918
23919
23920
23928
23931
23942
23945
23959
23961
23963
23964
23976
23986
23988
24027
24154
24161
24169
24172
24173
24174
24176
24177
24182
24184
24185
24186
24191
24195
24198
24199
24201
24202
24203
24207
24208
24210
24212
24216
24217
24218
24224
24228
24230
24231
24232
24234
24236
24239
24240
24241
24242
24244
24245
24246
24248
24249
24261
24263
24266
24268
24273
24276
24277
24278
24279
24280
24281
24283
24284
24287
24288
24293
24296
24297
24301
24309
24310
24314
24315
24317
24325
24327
24330
24331
24336
24338
24340
24341
24343
24345
24346
24358
24367
24372
24375
24378
24380
24387
24388
24391
24396
24400
24401
24403
24405
24408
24411
24420
24424
24432
24434
24437
24438
24439
24441
24442
24447
24451
24452
24453
24456
24458
24459
24464
24467
24475
24478
24481
24489
24497
24500
24502
24504
24506
24514
24515
24517
24518
24522
24523
24525
24527
24528
24532
24534
24536
24537
24539
24541
24542
24543
24546
24547
24548
24557
24558
24559
24569
24572
24593
24599
24600
24601
24602
24605
24607
24609
24610
24612
24614
24615
24616
24618
24621
24622
24625
24626
24629
24630
24632
24635
24638
24641
24650
24651
24654
24655
24657
24659
24660
24664
24670
24671
24673
24674
24676
24677
24683
24685
24686
24687
24689
24690
24692
24695
24698
24702
24704
24707
24710
24713
24714
24716
24719
24721
24722
24726
24728
24730
24732
24737
24738
24739
24740
24741
24742
24743
24746
24747
24749
24750
24752
24757
24758
24759
24761
24763
24766
24769
24775
24777
24778
24779
24781
24785
24787
24789
24792
24800
24801
24805
24810
24811
24814
24816
24817
24819
24821
24825
24828
24832
24835
24839
24841
24846
24850
24873
25048
25062
25063
25066
25067
25070
25071
25083
25087
25088
25090
25092
25100
25102
25103
25104
25105
25106
25112
25115
25120
25125
25128
25131
25132
25135
25138
25140
25146
25152
25154
25168
25171
25173
25178
25179
25180
25184
25187
25188
25189
25190
25191
25192
25194
25195
25198
25202
25203
25211
25212
25218
25221
25228
25231
25232
25238
25252
25256
25262
25279
25281
25282
25284
25292
25298
25301
25310
25319
25325
25345
25349
25352
25353
25359
25361
25366
25369
25372
25377
25380
25383
25386
25387
25388
25389
25390
25402
25404
25406
25407
25410
25411
25412
25413
25414
25416
25422
25423
25425
25427
25429
25430
25433
25436
25439
25444
25445
25457
25458
25466
25468
25472
25486
25488
25490
25491
25501
25502
25504
25511
25512
25516
25518
25520
25523
25524
25525
25526
25533
25540
25541
25545
25546
25547
25548
25550
25553
25558
25559
25565
25570
25571
25573
25574
25576
25580
25583
25584
25588
25592
25595
25596
25597
25598
25600
25601
25602
25604
25607
25608
25611
25612
25622
25623
25624
25626
25629
25632
25634
25635
25642
25645
25646
25652
25653
25658
25659
25663
25668
25676
25680
25682
25683
25684
25686
25688
25689
25690
25693
25702
25705
25707
25708
25709
25711
25713
25717
25719
25720
25724
25727
25728
25730
25732
25744
25751
25752
25753
25941
25946
25951
25962
25965
25970
25972
25975
25977
25978
25979
25990
25995
25997
25999
26001
26002
26013
26014
26015
26016
26027
26030
26036
26037
26038
26040
26041
26044
26045
26047
26049
26061
26064
26070
26074
26080
26081
26085
26088
26090
26095
26097
26101
26102
26109
26115
26122
26123
26130
26131
26132
26136
26140
26141
26148
26150
26151
26165
26166
26169
26170
26174
26180
26181
26183
26184
26185
26186
26188
26189
26192
26208
26210
26212
26214
26218
26221
26222
26225
26228
26234
26235
26237
26239
26240
26241
26245
26246
26259
26262
26264
26266
26267
26269
26270
26273
26278
26282
26296
26297
26305
26308
26309
26313
26316
26321
26322
26324
26326
26327
26328
26335
26336
26346
26358
26361
26376
26377
26382
26384
26389
26395
26398
26407
26408
26409
26416
26422
26427
26429
26431
26432
26434
26437
26441
26444
26447
26449
26450
26452
26456
26457
26458
26462
26464
26466
26469
26481
26483
26484
26485
26494
26495
26496
26501
26506
26507
26508
26509
26518
26527
26529
26530
26531
26532
26535
26537
26540
26542
26543
26551
26571
26577
26581
26586
26588
26594
26622
26788
26801
26812
26844
26852
26857
26862
26873
26874
26879
26883
26890
26892
26898
26900
26909
26915
26916
26918
26926
26931
26935
26937
26940
26943
26954
26958
26972
26973
26980
26983
26986
26988
27007
27011
27012
27022
27029
27032
27038
27040
27046
27054
27055
27059
27060
27061
27066
27069
27077
27083
27095
27096
27097
27102
27104
27105
27112
27114
27116
27117
27124
27126
27133
27136
27138
27143
27144
27146
27148
27150
27151
27152
27154
27157
27168
27185
27186
27189
27204
27212
27215
27216
27229
27231
27238
27239
27241
27242
27247
27255
27258
27260
27266
27268
27269
27270
27272
27273
27274
27275
27303
27307
27310
27311
27312
27326
27329
27337
27340
27343
27346
27349
27351
27354
27361
27362
27363
27365
27381
27382
27387
27388
27395
27400
27402
27407
27418
27424
27426
27433
27454
27463
27467
27470
27472
27488
27497
27871
27878
27881
27888
27892
27899
27902
27910
27913
27917
27920
28011
28114
28145
28147
28149
28181
28223
28524
28527
28551
28562
28567
28583
28596
28602
28611
28647
28717
28725
28798
28806
28808
28844
29004
29020
29028
29037
29053
29055
29061
29068
29073
29080
29086
29093
29096
29101
29111
29120
29121
29125
29136
29142
29153
29158
29164
29170
29174
29175
29179
29180
29181
29187
29192
29197
29210
29216
29222
29226
29227
29235
29241
29247
29249
29252
29253
29261
29269
29272
29287
29296
29298
29308
29313
29314
29328
29329
29330
29333
29334
29337
29338
29341
29343
29347
29348
29357
29359
29360
29361
29369
29370
29374
29376
29381
29385
29389
29391
29395
29409
29412
29413
29419
29420
29421
29425
29431
29433
29436
29437
29440
29443
29444
29447
29448
29455
29460
29461
29462
29463
29467
29469
29475
29478
29492
29493
29502
29503
29507
29508
29511
29517
29519
29531
29533
29536
29540
29541
29544
29551
29553
29556
29563
29566
29577
29582
29583
29592
29595
29596
29599
29610
29612
29627
29631
29632
29642
29644
29647
29659
29669
29672
29673
29677
29700
29706
29707
29715
29721
29723
29726
29728
29730
29745
29761
29767
29772
29937
29938
29939
29953
29957
29964
29968
29969
29970
29973
29976
29983
29985
29986
29989
29992
29995
29998
30007
30011
30014
30015
30016
30017
30019
30020
30021
30023
30027
30035
30037
30039
30047
30051
30055
30056
30057
30058
30067
30069
30072
30077
30078
30079
30089
30090
30095
30096
30109
30111
30115
30121
30126
30132
30139
30142
30144
30146
30147
30148
30152
30157
30158
30163
30166
30168
30170
30179
30184
30189
30191
30197
30203
30204
30206
30211
30213
30220
30227
30231
30233
30235
30236
30237
30240
30241
30250
30251
30256
30257
30262
30264
30265
30269
30273
30278
30280
30285
30290
30293
30304
30307
30312
30313
30321
30322
30327
30328
30329
30330
30334
30336
30339
30341
30342
30346
30347
30349
30350
30352
30359
30366
30367
30371
30372
30373
30377
30378
30381
30387
30390
30392
30393
30394
30396
30398
30400
30401
30403
30404
30414
30418
30422
30423
30425
30428
30431
30432
30437
30442
30444
30445
30451
30452
30453
30454
30456
30458
30459
30462
30463
30464
30466
30469
30470
30471
30473
30474
30485
30486
30487
30489
30492
30500
30504
30505
30507
30511
30513
30515
30517
30520
30522
30526
30528
30529
30531
30534
30539
30541
30543
30546
30551
30555
30556
30558
30560
30561
30562
30563
30567
30568
30581
30582
30586
30590
30592
30594
30598
30599
30601
30602
30605
30606
30608
30619
30626
30628
30629
30631
30638
30640
30650
30660
30670
30870
30871
30873
30882
30884
30887
30891
30892
30896
30897
30898
30899
30903
30905
30911
30913
30917
30920
30923
30924
30927
30932
30938
30946
30947
30952
30956
30957
30961
30963
30964
30966
30968
30971
30986
30991
30995
30996
31009
31011
31013
31021
31022
31023
31028
31033
31037
31038
31042
31044
31056
31061
31068
31072
31091
31111
31112
31115
31130
31132
31135
31137
31142
31150
31152
31157
31160
31165
31170
31174
31175
31177
31178
31184
31186
31189
31192
31196
31197
31204
31209
31233
31237
31241
31242
31243
31246
31248
31249
31261
31265
31284
31285
31289
31296
31300
31301
31302
31304
31315
31316
31321
31322
31327
31329
31331
31332
31333
31336
31340
31346
31348
31350
31351
31352
31353
31364
31366
31369
31374
31375
31378
31381
31382
31389
31392
31393
31394
31395
31400
31402
31404
31406
31407
31415
31417
31418
31419
31422
31425
31428
31437
31455
31459
31466
31469
31470
31471
31474
31483
31487
31492
31493
31495
31502
31504
31508
31509
31515
31524
31535
31536
31549
31550
31553
31555
31557
31566
31734
31741
31753
31763
31771
31774
31776
31778
31781
31786
31790
31791
31796
31797
31798
31807
31811
31816
31822
31824
31830
31832
31840
31854
31855
31862
31863
31864
31865
31883
31888
31891
31899
31900
31907
31909
31910
31916
31917
31921
31922
31924
31927
31932
31935
31939
31947
31949
31953
31955
31957
31962
31976
31979
31982
31992
31994
31995
31996
31998
32007
32009
32013
32014
32024
32036
32038
32047
32058
32066
32069
32075
32077
32080
32085
32097
32106
32107
32108
32110
32112
32114
32115
32120
32127
32128
32131
32135
32136
32139
32150
32155
32157
32170
32173
32174
32175
32181
32184
32185
32192
32196
32199
32201
32202
32204
32221
32222
32225
32228
32229
32230
32233
32236
32246
32247
32253
32256
32257
32260
32261
32262
32263
32267
32268
32272
32275
32278
32279
32280
32287
32289
32290
32291
32293
32302
32317
32320
32322
32323
32326
32330
32332
32334
32335
32339
32340
32341
32342
32343
32351
32353
32354
32357
32362
32364
32367
32379
32384
32385
32386
32388
32390
32391
32404
32405
32422
32612
32613
32621
32627
32629
32636
32640
32642
32644
32645
32649
32650
32652
32653
32655
32656
32662
32663
32665
32667
32675
32680
32682
32684
32688
32690
32691
32693
32696
32698
32699
32703
32704
32708
32710
32711
32716
32719
32720
32722
32725
32735
32737
32740
32744
32745
32749
32750
32755
32758
32760
32761
32764
32780
32784
32785
32786
32790
32792
32793
32796
32797
32800
32818
32819
32820
32822
32823
32825
32826
32827
32828
32829
32830
32833
32836
32840
32846
32849
32856
32860
32862
32864
32871
32887
32888
32892
32893
32897
32899
32902
32904
32905
32906
32915
32917
32919
32921
32925
32928
32929
32934
32939
32941
32942
32946
32949
32951
32952
32953
32955
32958
32966
32968
32970
32973
32974
32977
32980
32981
32991
32998
33005
33016
33022
33025
33029
33031
33032
33038
33042
33044
33047
33050
33051
33052
33056
33057
33058
33062
33063
33066
33068
33072
33074
33076
33079
33085
33086
33089
33091
33093
33094
33098
33099
33100
33101
33102
33103
33104
33105
33112
33116
33117
33122
33125
33126
33129
33131
33140
33141
33142
33145
33149
33152
33156
33160
33161
33162
33165
33168
33170
33171
33172
33174
33176
33177
33180
33181
33184
33185
33187
33188
33195
33197
33199
33201
33203
33204
33205
33207
33211
33214
33215
33217
33218
33219
33225
33226
33227
33228
33231
33238
33244
33246
33254
33257
33265
33270
33279
33286
33294
33299
33324
33389
33454
33460
33469
33477
33479
33480
33487
33488
33490
33495
33498
33499
33500
33509
33510
33514
33517
33521
33522
33524
33525
33528
33529
33530
33533
33534
33535
33541
33545
33549
33550
33554
33558
33562
33572
33575
33576
33583
33590
33594
33595
33598
33606
33608
33609
33611
33612
33616
33620
33621
33622
33624
33625
33626
33631
33635
33637
33638
33645
33649
33650
33651
33653
33654
33659
33660
33664
33666
33671
33675
33677
33686
33689
33691
33693
33697
33708
33709
33714
33716
33717
33723
33727
33736
33739
33741
33745
33746
33749
33757
33759
33761
33764
33765
33768
33769
33770
33771
33772
33774
33778
33780
33787
33788
33797
33809
33811
33831
33833
33835
33838
33839
33840
33841
33842
33844
33845
33848
33850
33853
33855
33857
33859
33860
33863
33865
33866
33867
33870
33874
33877
33880
33883
33885
33887
33889
33892
33894
33896
33897
33898
33899
33900
33902
33903
33907
33910
33911
33915
33923
33924
33925
33926
33927
33929
33932
33933
33936
33939
33940
33942
33943
33944
33958
33959
33960
33962
33965
33966
33970
33973
33974
33977
33987
33990
33991
33992
33994
33996
33999
34001
34002
34003
34004
34007
34008
34011
34013
34022
34023
34027
34029
34030
34033
34034
34041
34047
34048
34050
34051
34052
34067
34068
34070
34082
34083
34093
34098
34110
34146
34212
34263
34266
34270
34275
34290
34291
34297
34304
34309
34315
34316
34320
34322
34323
34327
34329
34330
34333
34334
34336
34340
34345
34347
34348
34351
34352
34354
34356
34359
34363
34364
34366
34368
34373
34377
34378
34382
34387
34401
34402
34403
34404
34406
34407
34411
34425
34445
34448
34452
34455
34456
34459
34461
34462
34466
34467
34471
34487
34496
34518
34522
34524
34527
34535
34541
34548
34553
34558
34562
34563
34565
34568
34571
34573
34574
34575
34576
34580
34582
34585
34586
34589
34590
34597
34605
34606
34610
34611
34615
34616
34636
34637
34638
34639
34649
34651
34653
34655
34656
34657
34659
34660
34661
34663
34664
34667
34668
34669
34670
34671
34673
34674
34675
34676
34677
34694
34695
34700
34702
34703
34704
34706
34708
34709
34712
34718
34719
34720
34721
34723
34724
34728
34729
34732
34733
34736
34737
34738
34744
34746
34747
34750
34751
34754
34758
34761
34763
34764
34765
34772
34774
34775
34780
34786
34787
34795
34801
34802
34804
34807
34811
34813
34814
34816
34822
34829
34837
34838
34840
34844
34845
34854
34855
34857
34858
34859
34861
34870
34871
34876
34887
34898
34900
34906
34934
35054
35055
35066
35067
35068
35069
35070
35073
35074
35075
35076
35077
35078
35081
35087
35096
35097
35099
35101
35102
35107
35109
35110
35115
35116
35117
35119
35129
35136
35143
35148
35151
35155
35156
35159
35166
35170
35172
35176
35181
35186
35188
35192
35193
35198
35200
35201
35202
35205
35212
35215
35219
35223
35233
35235
35237
35239
35246
35247
35252
35253
35262
35269
35270
35275
35279
35283
35286
35290
35293
35294
35299
35302
35307
35309
35312
35314
35318
35323
35327
35330
35331
35339
35340
35343
35344
35348
35350
35351
35353
35369
35372
35373
35374
35377
35378
35379
35381
35382
35390
35391
35394
35396
35397
35401
35402
35404
35406
35409
35411
35414
35415
35417
35419
35421
35423
35427
35430
35436
35437
35438
35439
35440
35441
35443
35445
35447
35457
35458
35461
35464
35465
35468
35471
35473
35475
35479
35480
35485
35487
35489
35491
35492
35494
35499
35501
35502
35505
35509
35511
35512
35514
35515
35517
35518
35519
35521
35524
35535
35548
35553
35554
35557
35563
35567
35568
35569
35570
35572
35580
35582
35597
35611
35613
35617
35743
35750
35763
35764
35773
35774
35775
35776
35777
35779
35780
35783
35785
35786
35788
35791
35792
35794
35796
35797
35798
35802
35804
35805
35807
35811
35812
35816
35819
35822
35827
35828
35833
35834
35836
35838
35839
35840
35844
35853
35860
35868
35869
35870
35871
35872
35874
35878
35879
35881
35888
35890
35894
35898
35907
35908
35910
35912
35913
35921
35922
35927
35929
35930
35933
35939
35940
35947
35953
35954
35956
35964
35969
35970
35972
35973
35978
35984
35985
35986
35988
36004
36007
36019
36031
36033
36034
36035
36037
36038
36042
36043
36044
36045
36046
36047
36050
36051
36052
36053
36055
36058
36066
36067
36069
36072
36074
36075
36081
36082
36084
36086
36089
36090
36094
36095
36102
36103
36104
36105
36106
36107
36109
36114
36116
36117
36119
36122
36123
36124
36127
36128
36131
36133
36134
36135
36138
36139
36140
36141
36145
36147
36148
36149
36150
36162
36165
36168
36170
36173
36174
36175
36178
36181
36183
36187
36190
36192
36194
36197
36205
36206
36217
36218
36220
36232
36238
36239
36246
36247
36254
36381
36421
36426
36431
36432
36434
36439
36442
36443
36444
36445
36446
36448
36450
36457
36458
36459
36461
36463
36466
36473
36477
36481
36482
36483
36484
36487
36489
36491
36492
36496
36497
36500
36501
36503
36508
36509
36510
36512
36513
36519
36520
36521
36525
36530
36531
36533
36535
36542
36544
36545
36549
36550
36552
36554
36555
36556
36557
36559
36560
36562
36563
36566
36568
36570
36572
36575
36580
36581
36583
36587
36588
36589
36590
36591
36593
36595
36596
36598
36602
36603
36611
36614
36616
36617
36620
36621
36622
36625
36631
36633
36634
36636
36638
36639
36644
36645
36647
36653
36654
36659
36664
36665
36666
36667
36672
36673
36674
36679
36682
36684
36685
36691
36692
36693
36694
36695
36696
36697
36699
36700
36702
36703
36704
36705
36707
36708
36710
36711
36712
36713
36715
36716
36717
36719
36722
36724
36725
36726
36727
36729
36731
36732
36735
36736
36740
36747
36749
36753
36760
36761
36765
36766
36771
36772
36773
36776
36777
36778
36779
36785
36791
36793
36796
36800
36803
36804
36806
36807
36810
36817
36819
36820
36822
36824
36825
36831
36837
36842
36846
36974
36980
36981
36982
36983
36988
36990
36992
36996
36998
37001
37002
37004
37008
37011
37013
37019
37020
37028
37036
37044
37045
37048
37055
37056
37057
37058
37062
37065
37069
37070
37075
37083
37136
37144
37146
37147
37148
37150
37152
37154
37158
37159
37168
37169
37172
37174
37177
37181
37184
37189
37198
37203
37204
37207
37209
37214
37218
37221
37223
37224
37235
37236
37241
37243
37245
37248
37252
37253
37255
37260
37262
37265
37278
37280
37281
37282
37283
37290
37291
37297
37303
37305
37306
37307
37308
37312
37314
37316
37317
37318
37319
37324
37328
37329
37331
37332
37333
37334
37335
37341
37343
37346
37348
37357
37361
37371
37372
37374
37377
37386
37388
37389
37397
37398
37406
37409
37413
37415
37416
37417
37418
37420
37424
37426
37427
37428
37432
37438
37442
37444
37445
37447
37448
37449
37450
37457
37459
37462
37463
37465
37469
37472
37479
37480
37481
37482
37483
37484
37485
37487
37490
37491
37493
37495
37499
37503
37509
37510
37511
37515
37519
37526
37529
37530
37532
37533
37534
37535
37539
37540
37541
37543
37545
37547
37567
37569
37571
37572
37574
37575
37576
37577
37583
37602
37608
37641
37749
37752
37755
37759
37762
37763
37765
37772
37773
37782
37786
37792
37795
37796
37801
37807
37809
37811
37823
37835
37841
37843
37854
37858
37863
37868
37870
37871
37873
37876
37881
37885
37890
37896
37897
37898
37903
37907
37908
37913
37916
37917
37918
37920
37922
37929
37933
37934
37940
37943
37945
37947
37956
37959
37962
37964
37965
37969
37971
37972
37979
37981
37988
37994
37996
37999
38009
38013
38014
38020
38021
38023
38033
38045
38046
38047
38053
38054
38056
38061
38068
38069
38072
38073
38077
38078
38086
38092
38093
38094
38096
38098
38110
38112
38113
38116
38119
38123
38124
38126
38127
38130
38134
38135
38137
38141
38143
38145
38146
38147
38148
38159
38162
38163
38164
38166
38167
38169
38170
38181
38183
38190
38195
38201
38204
38206
38208
38212
38217
38223
38224
38230
38251
38252
38259
38264
38266
38281
38356
38426
38427
38434
38439
38446
38453
38454
38463
38467
38471
38472
38476
38480
38482
38484
38490
38492
38494
38501
38507
38508
38510
38513
38516
38520
38523
38529
38541
38546
38554
38555
38560
38567
38568
38571
38572
38577
38579
38587
38589
38594
38596
38598
38600
38607
38621
38630
38636
38641
38642
38650
38651
38661
38663
38679
38681
38685
38703
38706
38709
38711
38712
38713
38718
38719
38725
38726
38727
38729
38732
38734
38738
38753
38758
38767
38768
38770
38773
38777
38778
38783
38786
38787
38788
38791
38795
38801
38810
38811
38813
38823
38826
38845
38850
38853
38855
38856
38867
38870
38881
38883
38889
38890
38892
38898
38913
38914
39075
39086
39087
39088
39089
39093
39095
39101
39105
39122
39123
39132
39135
39136
39141
39161
39162
39163
39172
39174
39175
39176
39177
39178
39185
39186
39189
39190
39192
39196
39202
39206
39217
39221
39237
39239
39245
39247
39253
39267
39268
39277
39285
39306
39311
39316
39319
39333
39344
39345
39347
39349
39351
39355
39367
39372
39374
39379
39387
39395
39398
39406
39416
39417
39419
39426
39428
39433
39446
39451
39452
39453
39460
39467
39468
39470
39485
39486
39494
39503
39508
39509
39510
39517
39518
39527
39542
39546
39549
39551
39553
39555
39557
39559
39563
39564
39573
39574
39577
39584
39588
39593
39595
39602
39605
39608
39616
39635
39648
39660
39758
39767
39770
39774
39775
39776
39780
39783
39784
39788
39792
39797
39801
39802
39808
39809
39810
39811
39813
39814
39820
39822
39823
39827
39830
39831
39832
39835
39836
39840
39841
39843
39846
39847
39848
39849
39851
39854
39857
39859
39862
39863
39865
39869
39870
39877
39880
39886
39888
39894
39896
39897
39902
39903
39905
39909
39910
39912
39914
39916
39917
39924
39925
39932
39933
39936
39939
39940
39943
39947
39949
39955
39956
39964
39969
39971
39972
39977
39978
39979
39986
39991
39992
39993
39995
39997
39999
40000
40006
40009
40010
40013
40015
40017
40019
40022
40025
40026
40027
40033
40042
40044
40045
40051
40057
40058
40063
40067
40069
40074
40081
40091
40095
40097
40099
40101
40102
40103
40105
40106
40107
40110
40111
40116
40117
40118
40123
40124
40125
40127
40131
40133
40135
40138
40139
40140
40143
40144
40145
40149
40152
40155
40158
40161
40168
40170
40175
40176
40179
40185
40188
40190
40195
40197
40198
40200
40201
40204
40206
40208
40209
40210
40212
40214
40215
40216
40217
40223
40226
40228
40229
40231
40233
40235
40241
40243
40245
40246
40251
40260
40261
40262
40265
40267
40271
40273
40278
40279
40281
40290
40293
40294
40298
40300
40319
40324
40325
40330
40340
40371
40426
40477
40488
40491
40498
40507
40509
40514
40520
40521
40528
40534
40539
40540
40541
40543
40548
40549
40552
40553
40571
40572
40573
40574
40575
40579
40584
40585
40586
40587
40588
40589
40594
40595
40596
40599
40618
40620
40621
40625
40627
40628
40631
40632
40637
40640
40641
40642
40647
40648
40653
40658
40660
40663
40664
40665
40666
40674
40677
40679
40684
40689
40690
40692
40693
40695
40696
40700
40703
40706
40710
40714
40716
40719
40727
40732
40734
40737
40739
40745
40747
40756
40759
40767
40769
40772
40774
40776
40778
40782
40784
40785
40786
40789
40791
40796
40799
40802
40804
40807
40815
40816
40817
40820
40821
40825
40826
40828
40829
40830
40831
40832
40833
40834
40837
40840
40841
40847
40851
40852
40855
40856
40860
40868
40869
40872
40874
40879
40882
40900
40901
40903
40904
40907
40910
40912
40914
40916
40917
40918
40928
40929
40931
40934
40935
40939
40940
40941
40943
40945
40946
40947
40948
40952
40954
40956
40959
40960
40962
40967
40975
40976
40977
40981
40982
40986
40987
40990
40993
41002
41004
41005
41009
41019
41020
41021
41022
41027
41034
41039
41042
41048
41049
41050
41052
41053
41054
41057
41059
41062
41064
41066
41078
41079
41084
41086
41087
41088
41089
41093
41095
41097
41098
41100
41102
41103
41105
41113
41115
41116
41117
41121
41128
41132
41133
41135
41141
41146
41155
41240
41334
41336
41342
41344
41346
41350
41354
41356
41363
41365
41366
41375
41376
41380
41385
41386
41387
41389
41394
41398
41401
41405
41414
41416
41419
41425
41428
41439
41446
41447
41448
41449
41450
41451
41460
41462
41466
41467
41473
41476
41480
41486
41491
41496
41499
41503
41506
41508
41513
41515
41524
41525
41529
41542
41544
41549
41552
41565
41571
41573
41577
41585
41586
41592
41603
41606
41612
41614
41615
41619
41627
41633
41637
41639
41641
41656
41659
41662
41663
41669
41674
41680
41685
41690
41692
41693
41695
41696
41697
41702
41708
41728
41729
41737
41738
41739
41743
41744
41747
41756
41758
41762
41769
41783
41790
41792
41797
41815
41816
41817
41820
41825
41826
41827
41828
41830
41835
41838
41839
41847
41849
41850
41851
41854
41855
41856
41859
41860
41861
41865
41871
41872
41875
41876
41878
41880
41884
41890
41894
41895
41896
41898
41899
41908
41909
41915
41922
41925
41930
41931
41932
41934
41936
41944
41948
41952
41953
41955
41965
41966
41967
41970
41971
41972
41975
41982
41984
41993
41994
41998
42002
42004
42008
42013
42015
42018
42026
42028
42029
42034
42038
42043
42048
42049
42050
42061
42088
42102
42279
42283
42296
42300
42301
42303
42304
42308
42309
42312
42313
42316
42317
42318
42319
42321
42325
42328
42331
42336
42337
42347
42348
42349
42352
42358
42360
42363
42364
42366
42367
42377
42381
42386
42388
42392
42393
42396
42399
42403
42406
42414
42422
42437
42438
42439
42446
42447
42448
42450
42451
42456
42463
42466
42470
42472
42482
42498
42499
42501
42505
42508
42516
42523
42527
42529
42533
42534
42536
42537
42558
42559
42562
42566
42567
42582
42584
42589
42590
42591
42592
42594
42596
42597
42599
42605
42610
42612
42615
42616
42625
42631
42639
42645
42646
42647
42649
42650
42654
42658
42662
42664
42665
42667
42668
42670
42671
42672
42673
42677
42679
42680
42681
42683
42684
42696
42710
42711
42713
42716
42719
42720
42721
42725
42730
42731
42732
42739
42741
42743
42744
42751
42754
42761
42765
42767
42768
42769
42773
42774
42777
42780
42783
42784
42785
42786
42787
42788
42789
42792
42796
42804
42805
42808
42810
42814
42816
42817
42823
42825
42826
42827
42828
42835
42837
42838
42839
42842
42843
42844
42845
42847
42856
42859
42865
42872
42875
42878
42884
42885
42886
42888
42891
42892
42894
42895
42907
42910
42913
42916
42923
42928
42932
42935
42965
42973
42982
43141
43144
43146
43152
43160
43161
43163
43165
43168
43170
43172
43173
43180
43181
43182
43183
43188
43190
43192
43193
43194
43200
43203
43206
43207
43208
43209
43211
43213
43215
43217
43219
43220
43221
43224
43226
43230
43231
43233
43235
43239
43242
43246
43248
43250
43253
43255
43261
43266
43268
43269
43273
43274
43275
43277
43281
43286
43287
43294
43301
43303
43305
43309
43311
43316
43319
43331
43338
43344
43345
43346
43347
43348
43356
43362
43366
43367
43369
43373
43375
43376
43377
43382
43386
43388
43391
43392
43398
43399
43410
43411
43412
43417
43420
43424
43425
43426
43432
43433
43438
43440
43447
43455
43458
43461
43463
43465
43467
43472
43476
43481
43482
43483
43487
43490
43491
43505
43506
43507
43509
43511
43513
43514
43523
43529
43532
43538
43539
43542
43543
43546
43547
43548
43552
43553
43555
43556
43557
43559
43566
43569
43570
43571
43572
43574
43576
43579
43584
43585
43588
43590
43591
43602
43606
43607
43608
43610
43613
43614
43615
43617
43619
43621
43622
43623
43632
43637
43640
43643
43650
43651
43654
43658
43660
43662
43663
43664
43667
43670
43672
43675
43678
43681
43682
43685
43688
43689
43694
43696
43700
43701
43703
43706
43708
43711
43712
43714
43715
43716
43720
43721
43724
43726
43727
43728
43733
43734
43738
43739
43740
43741
43743
43745
43746
43754
43756
43757
43766
43773
43777
43778
43779
43781
43786
43790
43792
43793
43796
43798
43821
43827
43830
44137
44150
44163
44174
44184
44202
44206
44211
44225
44228
44229
44246
44250
44262
44269
44276
44280
44281
44286
44299
44303
44309
44319
44320
44322
44323
44327
44331
44332
44335
44344
44345
44346
44347
44350
44351
44352
44395
44428
44429
44434
44462
44489
44494
44495
44502
44506
44507
44509
44512
44514
44527
44530
44536
44538
44539
44540
44541
44542
44573
44578
44580
44584
44598
44601
44618
44641
44645
44646
44657
44660
44684
44719
44731
45814
45872
45873
45876
45881
45885
45904
45906
45915
45933
45936
45938
45940
45941
45946
45947
45949
45950
45952
45957
45959
45962
45965
45970
45974
45975
45977
45984
45986
45990
45994
45996
45998
46001
46002
46015
46020
46021
46024
46026
46029
46034
46035
46042
46051
46052
46056
46059
46069
46079
46080
46081
46088
46097
46100
46103
46107
46109
46111
46120
46126
46129
46130
46135
46136
46138
46140
46143
46145
46155
46170
46171
46172
46173
46181
46183
46189
46200
46208
46222
46223
46225
46226
46228
46229
46233
46235
46250
46253
46256
46259
46260
46261
46264
46278
46279
46280
46286
46290
46291
46301
46304
46307
46314
46321
46322
46324
46333
46336
46337
46344
46345
46347
46348
46350
46351
46355
46359
46380
46381
46390
46399
46401
46402
46404
46405
46408
46409
46418
46419
46422
46428
46429
46430
46434
46438
46444
46445
46460
46463
46465
46469
46510
46515
46519
46547
46690
46711
46721
46725
46730
46734
46735
46737
46738
46744
46748
46756
46764
46766
46767
46768
46771
46779
46786
46794
46795
46796
46806
46812
46816
46818
46821
46824
46825
46830
46834
46839
46844
46851
46857
46867
46870
46882
46886
46891
46892
46893
46895
46898
46899
46909
46912
46917
46918
46920
46921
46929
46933
46939
46940
46945
46950
46952
46955
46959
46964
46981
46983
46985
46993
46994
47001
47010
47012
47015
47016
47017
47018
47020
47025
47032
47035
47051
47053
47056
47058
47061
47064
47065
47073
47074
47077
47085
47091
47092
47095
47096
47097
47110
47111
47112
47116
47123
47124
47127
47130
47139
47147
47154
47155
47157
47160
47171
47174
47176
47178
47180
47182
47183
47184
47185
47188
47189
47195
47198
47200
47205
47207
47210
47213
47217
47219
47220
47227
47233
47235
47237
47238
47239
47240
47243
47244
47249
47257
47259
47284
47287
47292
47295
47297
47298
47299
47301
47306
47310
47313
47314
47318
47319
47324
47328
47329
47331
47337
47340
47341
47346
47347
47348
47349
47352
47353
47356
47359
47360
47369
47370
47373
47375
47378
47379
47380
47395
47400
47402
47406
47408
47410
47412
47420
47421
47424
47426
47427
47488
47512
47595
47629
47644
47650
47654
47660
47664
47665
47668
47669
47671
47672
47678
47682
47684
47685
47686
47688
47689
47691
47696
47703
47710
47715
47719
47723
47726
47729
47731
47738
47743
47745
47746
47747
47750
47751
47753
47758
47764
47765
47767
47768
47775
47776
47781
47782
47784
47788
47789
47795
47797
47799
47801
47803
47812
47815
47819
47826
47829
47845
47849
47852
47857
47861
47862
47870
47888
47891
47896
47900
47909
47911
47923
47942
47966
47972
47982
48003
48005
48010
48014
48024
48025
48026
48027
48032
48033
48035
48036
48044
48046
48048
48049
48054
48060
48061
48064
48069
48072
48074
48076
48079
48080
48081
48095
48097
48107
48115
48120
48129
48131
48133
48137
48147
48148
48152
48165
48167
48169
48181
48182
48205
48209
48217
48220
48239
48243
48266
48306
48469
48473
48504
48549
48550
48551
48566
48570
48581
48599
48608
48611
48634
48647
48657
48668
48669
48672
48674
48675
48687
48689
48690
48691
48695
48698
48712
48714
48724
48737
48738
48739
48741
48745
48746
48752
48753
48756
48758
48762
48765
48766
48767
48770
48772
48781
48782
48783
48785
48791
48799
48805
48807
48808
48811
48814
48818
48827
48834
48843
48845
48846
48862
48865
48868
48876
48878
48880
48881
48882
48886
48888
48891
48898
48899
48902
48906
48907
48908
48919
48924
48925
48932
48933
48934
48935
48957
48969
48976
48978
48979
48988
48992
48994
49001
49004
49006
49007
49022
49030
49036
49074
49091
49093
49119
49304
49316
49331
49332
49343
49344
49347
49349
49354
49355
49358
49360
49361
49363
49364
49365
49366
49373
49376
49377
49378
49379
49381
49388
49392
49402
49405
49406
49407
49409
49413
49417
49418
49419
49421
49424
49426
49427
49429
49430
49431
49438
49449
49450
49451
49455
49460
49462
49465
49479
49483
49490
49497
49501
49504
49506
49508
49510
49512
49517
49526
49527
49530
49531
49539
49540
49541
49542
49548
49550
49551
49554
49555
49558
49566
49571
49587
49589
49591
49592
49595
49599
49600
49624
49625
49628
49631
49633
49635
49639
49651
49654
49655
49656
49657
49661
49679
49685
49686
49687
49692
49701
49704
49705
49706
49709
49710
49711
49715
49718
49728
49730
49731
49732
49739
49742
49747
49753
49754
49759
49765
49766
49770
49773
49775
49778
49779
49784
49785
49786
49787
49789
49793
49795
49796
49797
49801
49805
49817
49819
49822
49824
49826
49827
49828
49833
49836
49839
49855
49872
49936
50034
50045
50046
50048
50052
50057
50069
50076
50077
50080
50085
50089
50094
50101
50105
50106
50116
50117
50119
50126
50127
50130
50133
50135
50136
50139
50141
50142
50151
50152
50157
50159
50171
50173
50177
50188
50195
50204
50232
50240
50259
50284
50289
50294
50296
50306
50310
50320
50323
50336
50339
50343
50363
50366
50368
50371
50377
50380
50389
50395
50401
50413
50434
50437
50438
50450
50451
50453
50458
50460
50463
50468
50471
50479
50483
50496
50497
50675
50684
50694
50709
50750
50759
50791
50829
50887
50890
50924
50964
50973
50985
51022
51028
51038
51049
51091
51126
51135
51146
51194
51205
51251
51458
51495
51520
51529
51537
51542
51550
51552
51578
51583
51595
51596
51601
51609
51611
51615
51616
51625
51643
51656
51663
51676
51677
51688
51693
51696
51697
51698
51702
51707
51708
51715
51718
51720
51723
51725
51728
51730
51732
51735
51737
51743
51744
51752
51753
51757
51759
51771
51773
51779
51789
51790
51794
51804
51805
51809
51811
51814
51822
51837
51840
51842
51849
51854
51864
51867
51868
51871
51879
51890
51891
51898
51899
51900
51901
51902
51903
51905
51919
51923
51934
51936
51938
51939
51952
51957
51965
51968
51969
51975
51976
51977
51979
51997
52007
52011
52013
52015
52020
52034
52038
52039
52041
52046
52163
52229
52231
52241
52243
52244
52248
52259
52260
52264
52265
52270
52272
52273
52274
52275
52276
52277
52279
52280
52284
52290
52294
52295
52297
52299
52300
52303
52304
52307
52313
52314
52315
52316
52318
52320
52322
52323
52325
52326
52327
52331
52332
52333
52335
52336
52337
52339
52340
52343
52349
52351
52352
52354
52357
52358
52364
52366
52383
52386
52391
52397
52398
52399
52401
52407
52408
52411
52412
52415
52419
52420
52425
52426
52431
52433
52439
52442
52448
52458
52459
52472
52488
52490
52498
52512
52513
52516
52520
52527
52529
52530
52531
52537
52543
52546
52548
52551
52552
52555
52556
52558
52565
52570
52574
52575
52576
52577
52578
52579
52584
52585
52586
52590
52592
52595
52596
52597
52598
52600
52605
52607
52608
52611
52622
52623
52627
52629
52633
52644
52649
52650
52651
52654
52656
52658
52659
52660
52663
52665
52668
52669
52672
52687
52688
52689
52692
52693
52695
52697
52700
52704
52713
52721
52724
52726
52727
52753
52760
52918
52929
52934
52940
52941
52962
52967
52975
52980
52985
52989
52994
53004
53008
53071
53073
53089
53095
53164
53170
53175
53177
53181
53182
53185
53186
53191
53196
53197
53199
53200
53201
53203
53204
53205
53206
53208
53216
53219
53220
53221
53222
53225
53228
53230
53231
53232
53235
53240
53242
53243
53244
53245
53251
53258
53266
53279
53281
53282
53283
53290
53291
53297
53300
53310
53313
53314
53322
53331
53334
53339
53341
53347
53349
53358
53364
53368
53369
53370
53371
53375
53376
53381
53388
53397
53408
53409
53410
53413
53419
53429
53431
53436
53437
53440
53441
53442
53444
53446
53448
53450
53455
53456
53457
53459
53461
53462
53463
53464
53465
53470
53477
53481
53484
53485
53488
53489
53493
53494
53496
53501
53502
53505
53513
53517
53518
53519
53521
53527
53528
53529
53531
53532
53535
53536
53539
53541
53543
53544
53547
53549
53551
53556
53557
53559
53560
53564
53566
53569
53576
53591
53592
53718
53760
53766
53771
53773
53782
53784
53787
53793
53803
53809
53811
53814
53819
53820
53822
53825
53826
53827
53830
53833
53835
53837
53840
53842
53850
53856
53858
53860
53861
53863
53875
53878
53879
53887
53888
53892
53898
53899
53907
53915
53920
53922
53933
53937
53942
53943
53944
53947
53955
53956
53957
53958
53960
53961
53963
53969
53972
53974
53977
53978
53980
53982
53987
53990
53992
53993
53996
53997
54004
54016
54024
54026
54028
54029
54031
54033
54034
54037
54038
54039
54041
54045
54048
54050
54053
54054
54063
54064
54069
54070
54072
54073
54075
54082
54087
54096
54097
54098
54099
54105
54108
54111
54112
54113
54114
54119
54133
54137
54139
54142
54144
54152
54155
54156
54157
54159
54160
54171
54172
54173
54183
54184
54187
54189
54190
54192
54194
54197
54198
54213
54217
54222
54225
54226
54234
54236
54240
54244
54248
54250
54251
54259
54267
54273
54283
54289
54291
54510
54522
54680
54736
54740
54786
54818
54984
55011
55020
55046
55050
55086
55346
55348
56078
56397
56400
56413
56417
56418
56420
56424
56426
56437
56447
56451
56456
56457
56466
56481
56488
56498
56502
56507
56514
56518
56523
56525
56528
56536
56538
56539
56542
56554
56556
56560
56564
56568
56572
56576
56578
56591
56592
56593
56600
56602
56603
56607
56609
56627
56634
56669
56674
56817
56818
56819
56820
56821
56822
56841
56842
56850
56851
56856
56865
56879
56881
56886
56891
56892
56907
56908
56912
56916
56917
56921
56927
56930
56937
56938
56942
56945
56946
56959
56966
56968
57007
57010
57014
57023
57045
57170
57196
57248
57260
57261
57264
57266
57275
57276
57278
57282
57283
57284
57287
57291
57298
57299
57300
57301
57307
57308
57309
57311
57321
57322
57323
57327
57347
57356
57361
57363
57364
57365
57378
57380
57382
57391
57392
57393
57395
57398
57403
57404
57417
57419
57422
57423
57425
57439
57443
57450
57452
57453
57458
57462
57463
57468
57469
57473
57480
57491
57499
57500
57501
57504
57508
57511
57516
57519
57520
57525
57526
57532
57535
57537
57547
57549
57562
57565
57570
57581
57582
57586
57591
57592
57594
57597
57602
57604
57605
57608
57619
57620
57624
57625
57631
57633
57638
57641
57644
57645
57646
57654
57656
57660
57661
57662
57663
57665
57666
57671
57673
57674
57679
57680
57683
57685
57686
57690
57693
57695
57696
57713
57724
57731
57736
57738
57740
57742
57743
57744
57747
57748
57749
57758
57761
57762
57774
57781
57786
57790
57794
57795
57797
57798
57800
57805
57809
57811
57814
57815
57816
57821
57823
57824
57825
57831
57832
57833
57835
57836
57837
57838
57845
57847
57849
57850
57853
57860
57861
57862
57863
57864
57865
57866
57869
57872
57873
57875
57876
57880
57882
57883
57887
57889
57890
57891
57896
57898
57899
57904
57905
57907
57910
57911
57912
57914
57915
57916
57923
57924
57927
57928
57930
57935
57950
57956
57971
57977
57995
58094
58185
58186
58188
58206
58223
58225
58226
58229
58238
58242
58252
58256
58272
58277
58286
58288
58289
58294
58298
58305
58312
58315
58318
58323
58330
58332
58337
58338
58342
58343
58344
58348
58350
58353
58355
58358
58359
58360
58362
58369
58374
58384
58388
58391
58392
58394
58400
58404
58408
58410
58418
58419
58428
58434
58437
58440
58451
58457
58463
58466
58467
58469
58470
58476
58477
58479
58488
58491
58493
58495
58496
58497
58498
58499
58506
58511
58514
58515
58523
58524
58525
58527
58529
58530
58531
58532
58535
58540
58543
58545
58549
58552
58554
58560
58561
58562
58563
58566
58570
58571
58572
58574
58601
58611
58612
58614
58615
58625
58627
58628
58632
58633
58635
58636
58637
58638
58640
58642
58643
58646
58647
58648
58649
58651
58653
58654
58660
58662
58665
58669
58674
58675
58676
58679
58680
58683
58684
58685
58694
58698
58700
58702
58705
58709
58713
58715
58716
58717
58735
58736
58738
58745
58746
58749
58751
58755
58756
58765
58768
58770
58771
58775
58776
58780
58783
58784
58786
58788
58791
58793
58795
58797
58811
58814
58817
58818
58822
58826
58827
58830
58832
58833
58834
58835
58851
58854
58871
59714
59747
59753
59765
59768
59771
59775
59797
59801
59808
59814
59819
59848
59850
59851
59871
59894
59899
59951
59952
59953
59977
59982
60003
60004
60064
60136
60141
60142
60147
60149
60151
60156
60159
60161
60164
60168
60171
60177
60185
60186
60191
60196
60199
60202
60204
60206
60207
60208
60209
60210
60211
60216
60218
60224
60227
60233
60234
60235
60242
60245
60248
60253
60256
60261
60262
60264
60265
60268
60276
60278
60283
60290
60291
60297
60300
60301
60303
60310
60312
60317
60318
60325
60327
60331
60334
60337
60338
60339
60340
60341
60346
60352
60358
60359
60369
60371
60372
60373
60387
60390
60392
60396
60401
60402
60403
60407
60409
60415
60416
60419
60421
60422
60426
60427
60428
60432
60437
60457
60460
60461
60462
60464
60483
60488
60494
60496
60501
60513
60518
60520
60524
60525
60526
60528
60529
60530
60531
60548
60549
60559
60562
60566
60575
60578
60580
60586
60588
60591
60592
60597
60605
60606
60611
60616
60618
60620
60630
60632
60633
60638
60639
60644
60647
60648
60654
60658
60661
60663
60669
60676
60678
60680
60682
60683
60693
60702
60712
60716
60718
60719
60720
60722
60723
60726
60733
60734
60735
60736
60738
60741
60743
60745
60748
60749
60750
60751
60753
60755
60759
60761
60769
60774
60779
60787
60788
60794
60795
60796
60800
60802
60809
60812
60821
60824
60826
60828
60830
60833
60836
60850
60858
60895
61066
61072
61073
61080
61085
61089
61091
61095
61098
61111
61113
61115
61120
61123
61125
61128
61130
61132
61135
61136
61140
61142
61144
61145
61147
61152
61153
61160
61161
61163
61168
61175
61179
61181
61187
61199
61201
61204
61205
61213
61220
61221
61225
61226
61235
61238
61242
61244
61245
61246
61247
61248
61251
61255
61256
61259
61267
61280
61282
61283
61284
61286
61288
61294
61296
61304
61309
61312
61314
61319
61320
61323
61324
61328
61332
61334
61342
61349
61355
61356
61357
61364
61367
61373
61374
61376
61377
61384
61385
61388
61390
61394
61396
61398
61403
61405
61409
61414
61417
61418
61420
61421
61426
61430
61432
61435
61436
61439
61448
61460
61461
61462
61465
61467
61472
61478
61479
61480
61481
61482
61483
61484
61498
61506
61511
61514
61515
61516
61517
61518
61520
61521
61522
61523
61524
61525
61526
61531
61535
61536
61540
61544
61547
61550
61553
61554
61566
61568
61569
61572
61573
61574
61577
61580
61585
61589
61591
61594
61596
61599
61603
61605
61606
61608
61612
61614
61616
61624
61627
61629
61631
61633
61636
61638
61644
61647
61648
61653
61658
61664
61666
61667
61668
61670
61671
61678
61679
61682
61684
61685
61686
61687
61692
61694
61702
61706
61709
61710
61711
61714
61715
61717
61720
61722
61723
61727
61730
61738
61742
61743
61748
61749
61750
61754
61761
61763
61773
61774
61870
61959
61961
61962
61982
61990
61994
61995
61997
61998
62000
62004
62006
62007
62014
62015
62017
62024
62029
62030
62031
62032
62034
62036
62038
62040
62041
62058
62061
62063
62066
62070
62071
62075
62076
62079
62080
62084
62087
62091
62092
62095
62096
62097
62098
62099
62101
62106
62109
62110
62112
62113
62115
62116
62119
62123
62124
62126
62133
62134
62137
62138
62139
62140
62150
62158
62160
62161
62164
62167
62169
62177
62178
62180
62182
62185
62191
62193
62194
62198
62203
62205
62209
62214
62215
62216
62226
62228
62229
62237
62238
62239
62242
62257
62265
62275
62278
62279
62280
62281
62283
62285
62287
62288
62290
62293
62295
62301
62304
62305
62306
62308
62310
62314
62315
62317
62319
62320
62323
62324
62326
62329
62330
62334
62335
62337
62339
62342
62344
62346
62347
62350
62351
62353
62355
62357
62358
62359
62364
62365
62366
62368
62369
62371
62374
62376
62378
62379
62381
62383
62388
62395
62396
62397
62400
62401
62402
62403
62404
62405
62406
62410
62411
62413
62420
62428
62430
62431
62432
62433
62434
62437
62440
62441
62443
62444
62454
62457
62458
62459
62461
62463
62467
62469
62482
62484
62532
62578
62642
62656
62660
62666
62685
62718
62756
62877
62985
63016
63100
63101
63128
63131
63237
63388
63574
63609
63720
63777
63917
63952
63953
63968
63973
63988
64002
64005
64007
64014
64021
64026
64032
64035
64048
64050
64054
64057
64058
64061
64065
64069
64070
64074
64085
64086
64088
64090
64091
64092
64097
64100
64102
64103
64104
64105
64111
64116
64119
64121
64122
64123
64127
64128
64129
64132
64133
64134
64135
64136
64138
64139
64140
64141
64142
64145
64147
64148
64149
64152
64153
64155
64156
64157
64163
64164
64165
64170
64171
64173
64183
64187
64192
64202
64203
64206
64212
64216
64217
64220
64224
64225
64226
64231
64242
64247
64248
64249
64252
64255
64258
64263
64264
64267
64275
64279
64283
64284
64288
64290
64294
64295
64296
64303
64305
64308
64309
64310
64311
64312
64313
64314
64317
64325
64328
64333
64334
64347
64352
64353
64357
64358
64360
64361
64362
64363
64367
64379
64390
64405
64407
64458
64556
64560
64561
64564
64566
64567
64571
64574
64575
64581
64585
64586
64589
64592
64596
64601
64605
64610
64611
64613
64617
64618
64619
64620
64621
64625
64630
64631
64635
64638
64639
64642
64643
64644
64646
64649
64652
64656
64657
64660
64662
64665
64668
64670
64672
64673
64676
64682
64683
64684
64685
64695
64701
64703
64706
64718
64719
64723
64730
64741
64743
64751
64753
64765
64771
64777
64778
64780
64787
64794
64795
64799
64803
64805
64807
64808
64813
64824
64827
64829
64830
64832
64834
64835
64836
64838
64840
64847
64850
64851
64854
64855
64867
64871
64872
64873
64875
64876
64877
64878
64883
64886
64887
64891
64895
64901
64906
64911
64914
64926
64928
64930
64932
64936
64937
64939
64940
64942
64945
64946
64953
64965
64969
64971
64972
64974
64975
64976
64978
64981
64982
64985
64988
64997
65001
65003
65005
65008
65019
65026
65031
65156
65226
65243
65254
65281
65295
65298
65319
65322
65327
65329
65332
65337
65341
65345
65346
65347
65352
65373
65418
65425
65427
65429
65434
65446
65447
65449
65450
65451
65452
65456
65462
65463
65469
65472
65481
65485
65489
65491
65493
65494
65495
65499
65500
65503
65512
65515
65516
65529
65533
65534
65535
65536
65537
65540
65543
65544
65552
65554
65555
65569
65572
65581
65584
65590
65594
65596
65599
65607
65608
65611
65613
65615
65618
65620
65621
65622
65624
65626
65628
65635
65637
65641
65643
65644
65649
65666
65673
65682
65689
65690
65692
65693
65695
65698
65699
65701
65702
65704
65705
65706
65707
65708
65711
65716
65718
65721
65727
65730
65731
65732
65733
65735
65736
65737
65738
65743
65745
65746
65749
65753
65754
65757
65759
65760
65763
65764
65767
65769
65770
65783
65784
65788
65790
65792
65795
65798
65799
65800
65802
65803
65810
65816
65817
65819
65821
65823
65824
65826
65827
65828
65830
65831
65833
65834
65836
65837
65843
65848
65849
65853
65859
65860
65867
65870
65871
65872
65882
65884
65890
65894
65906
65911
65913
65918
65921
65975
66102
66112
66116
66127
66164
66165
66166
66169
66172
66174
66176
66177
66179
66184
66185
66188
66190
66191
66194
66195
66200
66203
66220
66224
66225
66227
66228
66232
66237
66240
66242
66243
66244
66259
66260
66273
66278
66293
66299
66328
66335
66336
66339
66340
66352
66379
66490
66493
66496
66503
66513
66520
66521
66524
66528
66532
66533
66535
66538
66542
66544
66555
66561
66562
66566
66578
66601
66604
66798
66802
66804
66805
66808
66832
66833
66863
66866
66895
66897
66931
66937
66939
66964
66966
66967
66974
66996
67002
67028
67029
67031
67060
67202
67243
67245
67253
67255
67256
67258
67259
67260
67264
67267
67268
67269
67271
67274
67277
67283
67285
67286
67292
67299
67300
67304
67310
67313
67320
67322
67325
67327
67332
67334
67336
67338
67342
67343
67344
67345
67347
67349
67350
67353
67354
67356
67357
67361
67362
67365
67370
67374
67375
67376
67380
67384
67388
67390
67393
67394
67397
67402
67406
67415
67420
67423
67427
67432
67436
67444
67446
67447
67451
67453
67454
67459
67464
67465
67466
67469
67472
67473
67474
67476
67482
67483
67484
67487
67492
67495
67498
67500
67501
67503
67508
67510
67513
67519
67520
67523
67525
67531
67540
67541
67546
67554
67559
67562
67564
67566
67570
67572
67573
67574
67575
67576
67580
67581
67582
67584
67586
67587
67592
67597
67598
67601
67602
67603
67604
67606
67607
67608
67610
67615
67616
67617
67621
67622
67625
67626
67635
67640
67642
67644
67645
67647
67650
67651
67652
67655
67657
67658
67661
67666
67667
67670
67671
67672
67673
67675
67677
67678
67680
67684
67685
67687
67689
67694
67695
67697
67698
67704
67706
67710
67711
67712
67714
67716
67717
67719
67721
67725
67726
67727
67728
67730
67731
67737
67741
67742
67743
67745
67749
67750
67752
67753
67760
67763
67764
67767
67775
67779
67780
67783
67788
67791
67792
67797
67802
67830
67935
67942
67945
67946
67948
67956
67957
67959
67960
67963
67964
67979
67983
67985
67986
67990
67992
67994
67996
68001
68002
68006
68008
68010
68011
68012
68013
68016
68019
68020
68023
68028
68031
68033
68036
68037
68040
68041
68047
68053
68056
68057
68060
68061
68062
68065
68066
68072
68077
68079
68085
68092
68093
68097
68098
68104
68106
68109
68113
68116
68117
68120
68123
68125
68126
68131
68132
68133
68144
68145
68150
68154
68158
68159
68163
68164
68166
68167
68169
68173
68174
68177
68179
68180
68182
68185
68188
68189
68190
68191
68195
68198
68201
68202
68205
68209
68210
68213
68216
68217
68218
68220
68222
68224
68226
68227
68229
68232
68236
68238
68240
68242
68244
68245
68246
68250
68251
68252
68262
68264
68265
68266
68267
68280
68286
68290
68291
68293
68294
68300
68301
68304
68305
68306
68309
68310
68311
68316
68318
68319
68320
68330
68331
68333
68336
68337
68341
68344
68345
68346
68352
68356
68358
68361
68366
68370
68375
68376
68377
68380
68381
68385
68386
68391
68396
68398
68402
68405
68408
68409
68410
68411
68415
68420
68421
68422
68423
68426
68427
68429
68433
68434
68436
68437
68438
68439
68440
68443
68444
68450
68452
68454
68456
68457
68458
68459
68463
68467
68469
68470
68471
68472
68473
68477
68478
68479
68481
68484
68493
68501
68505
68514
68519
68524
68529
68530
68531
68536
68543
68544
68548
68551
68555
68724
68729
68731
68737
68739
68740
68741
68742
68743
68746
68748
68750
68751
68753
68754
68756
68757
68760
68761
68764
68768
68772
68773
68774
68783
68786
68788
68790
68792
68793
68807
68809
68810
68813
68815
68825
68828
68829
68840
68845
68851
68852
68853
68858
68859
68861
68864
68867
68868
68871
68872
68878
68879
68884
68887
68889
68891
68896
68897
68901
68904
68906
68909
68911
68915
68917
68922
68927
68929
68930
68935
68938
68939
68941
68942
68943
68952
68954
68959
68963
68973
68974
68978
68979
68980
68983
68984
68987
68992
68993
68995
68996
69002
69008
69013
69023
69029
69032
69035
69042
69049
69057
69060
69065
69066
69067
69068
69071
69076
69081
69083
69084
69086
69087
69090
69093
69094
69095
69097
69099
69106
69107
69108
69114
69117
69122
69142
69143
69145
69150
69155
69158
69163
69164
69168
69174
69176
69177
69179
69180
69183
69187
69188
69190
69191
69195
69200
69202
69209
69210
69212
69219
69224
69229
69231
69232
69234
69235
69239
69246
69247
69251
69253
69254
69256
69257
69258
69260
69262
69263
69266
69268
69269
69273
69274
69277
69281
69289
69291
69292
69294
69295
69296
69298
69304
69306
69312
69315
69317
69319
69322
69323
69328
69335
69338
69343
69346
69351
69355
69356
69357
69359
69362
69365
69369
69372
69373
69379
69382
69384
69386
69391
69392
69426
69466
69538
69711
69712
69714
69726
69745
69746
69761
69764
69804
69808
69816
69819
69824
69828
69829
69837
69841
69855
69868
69872
69879
69891
69910
69912
69914
69916
69919
69927
69929
69931
69936
69942
69949
69959
69964
69967
69974
69987
69995
70006
70007
70009
70029
70035
70037
70043
70048
70051
70056
70057
70059
70062
70073
70076
70086
70087
70092
70093
70122
70128
70130
70147
70157
70158
70159
70161
70163
70166
70192
70206
70239
70244
70245
70250
70252
70266
71696
72127
72145
72150
72173
72174
72196
72198
72204
72209
72217
72221
72241
72242
72243
72260
72263
72266
72281
72286
72291
72292
72299
72300
72304
72305
72307
72308
72312
72313
72315
72317
72319
72343
72356
72373
72396
72397
72400
72421
72464
72465
72466
72467
72473
72495
72499
72538
72539
72542
72570
72572
72724
72763
72773
72776
72781
72784
72789
72799
72800
72803
72807
72808
72810
72812
72814
72816
72818
72819
72827
72832
72833
72836
72837
72841
72842
72843
72844
72846
72851
72854
72860
72862
72863
72864
72867
72869
72872
72876
72877
72881
72882
72883
72887
72892
72894
72895
72896
72898
72902
72904
72906
72909
72910
72912
72916
72918
72920
72923
72924
72926
72927
72930
72931
72932
72938
72939
72940
72941
72946
72950
72953
72958
72960
72963
72968
72969
72972
72973
72975
72978
72980
72983
72984
72990
72998
73002
73008
73012
73016
73017
73019
73023
73028
73032
73037
73039
73040
73042
73045
73046
73047
73048
73049
73050
73051
73055
73060
73061
73064
73066
73068
73069
73070
73071
73073
73074
73075
73077
73080
73084
73087
73090
73093
73095
73097
73099
73100
73101
73103
73106
73107
73108
73109
73110
73112
73113
73115
73116
73118
73121
73125
73126
73130
73131
73132
73133
73134
73135
73141
73146
73148
73149
73151
73152
73154
73155
73157
73163
73164
73165
73166
73174
73175
73176
73178
73180
73181
73182
73183
73184
73186
73187
73189
73190
73191
73194
73196
73197
73199
73200
73201
73202
73208
73209
73210
73216
73221
73222
73226
73227
73231
73234
73236
73242
73244
73277
73378
73387
73388
73389
73396
73399
73402
73407
73414
73415
73419
73422
73427
73432
73436
73438
73440
73443
73444
73445
73450
73451
73452
73457
73460
73466
73477
73486
73491
73492
73494
73500
73501
73504
73505
73506
73507
73510
73511
73514
73516
73517
73524
73527
73538
73539
73542
73543
73546
73551
73564
73565
73566
73568
73569
73572
73573
73574
73575
73576
73578
73580
73582
73583
73584
73586
73589
73591
73594
73595
73596
73598
73599
73605
73611
73612
73614
73615
73616
73618
73622
73625
73629
73631
73638
73639
73641
73651
73657
73659
73660
73661
73662
73671
73673
73675
73677
73684
73687
73689
73690
73696
73701
73702
73703
73707
73708
73711
73716
73717
73720
73722
73723
73724
73725
73730
73732
73733
73735
73736
73739
73745
73748
73752
73753
73754
73755
73762
73763
73766
73770
73773
73779
73782
73783
73788
73794
73799
73801
73806
73812
73814
73815
73818
73821
73830
73832
73833
73835
73836
73842
73843
73844
73846
73847
73848
73851
73857
73858
73876
73889
73907
74005
74011
74024
74026
74029
74030
74037
74042
74044
74046
74048
74051
74056
74060
74064
74066
74067
74069
74070
74071
74073
74077
74078
74081
74088
74093
74095
74096
74104
74106
74111
74114
74115
74117
74120
74122
74125
74128
74131
74133
74134
74135
74137
74138
74141
74142
74144
74149
74151
74154
74157
74158
74164
74173
74175
74178
74179
74180
74181
74189
74191
74193
74194
74196
74200
74203
74209
74212
74214
74218
74247
74248
74252
74260
74261
74284
74315
74325
74326
74327
74328
74330
74332
74335
74336
74337
74340
74341
74344
74347
74348
74349
74352
74353
74355
74356
74358
74362
74367
74371
74373
74377
74378
74379
74382
74391
74394
74397
74398
74400
74401
74408
74409
74417
74418
74419
74421
74422
74424
74427
74428
74437
74439
74441
74442
74444
74445
74446
74447
74448
74449
74450
74451
74460
74462
74463
74465
74467
74474
74480
74485
74488
74494
74496
74499
74508
74521
74645
74693
74764
75148
75610
75678
75683
75703
75704
75863
75874
75915
76219
76234
76240
76247
76254
76264
76272
76283
76284
76286
76287
76303
76306
76308
76320
76322
76326
76328
76331
76334
76344
76352
76353
76355
76358
76360
76368
76370
76371
76373
76379
76386
76388
76391
76392
76394
76398
76400
76401
76402
76408
76410
76412
76414
76417
76419
76420
76423
76424
76425
76427
76428
76434
76435
76438
76439
76440
76451
76457
76459
76460
76471
76474
76475
76479
76480
76481
76482
76494
76502
76504
76507
76508
76511
76515
76526
76533
76534
76535
76536
76539
76541
76542
76558
76559
76560
76561
76562
76563
76564
76565
76566
76568
76569
76572
76575
76576
76577
76580
76581
76582
76596
76597
76598
76599
76607
76613
76623
76624
76625
76628
76629
76645
76654
76655
76671
76676
76677
76678
76681
76684
76686
76694
76697
76704
76705
76706
76724
76837
76841
76859
76863
76867
76872
76873
76874
76876
76882
76883
76886
76887
76889
76892
76895
76896
76898
76899
76902
76905
76909
76911
76912
76913
76914
76918
76920
76925
76928
76929
76931
76934
76939
76990
76993
77002
77004
77007
77009
77016
77017
77028
77032
77042
77043
77044
77053
77054
77055
77058
77062
77073
77074
77082
77086
77087
77091
77104
77171
77175
77176
77177
77178
77185
77192
77193
77197
77198
77200
77202
77203
77207
77209
77211
77213
77214
77218
77219
77221
77223
77224
77226
77229
77230
77231
77234
77237
77238
77239
77245
77246
77249
77252
77254
77257
77264
77269
77274
77277
77278
77282
77285
77295
77296
77303
77313
77318
77321
77323
77328
77329
77331
77332
77341
77342
77344
77345
77350
77359
77362
77372
77383
77385
77386
77387
77388
77389
77391
77395
77402
77405
77406
77407
77409
77410
77411
77414
77415
77417
77418
77420
77424
77428
77430
77431
77433
77437
77438
77439
77443
77444
77446
77448
77449
77450
77456
77464
77466
77467
77468
77471
77472
77475
77477
77480
77483
77485
77486
77491
77492
77493
77495
77501
77503
77504
77507
77508
77517
77518
77527
77534
77644
77671
77688
77693
77707
77719
77734
77737
77757
77759
77762
77766
77768
77776
77781
77787
77796
77800
77802
77806
77819
77826
77834
77842
77843
77847
77850
77857
77859
77860
77861
77862
77866
77867
77869
77875
77881
77883
77892
77895
77897
77900
77903
77904
77905
77907
77910
77915
77919
77941
77943
77960
77964
77974
77980
77985
77989
77991
77992
78008
78015
78022
78024
78043
78044
78045
78047
78048
78060
78064
78066
78067
78071
78072
78073
78092
78093
78095
78096
78099
78101
78114
78118
78123
78139
78143
78151
79156
79245
79561
79935
79943
79955
79963
80002
80109
80113
80127
80394
80398
80400
80405
80411
80414
80415
80417
80422
80424
80437
80445
80449
80460
80472
80634
80666
80679
80698
80700
80709
80722
80749
80902
80925
80930
80955
80958
80977
80983
81000
81022
81105
81115
81149
81178
81188
81190
81194
81198
81199
81201
81207
81209
81213
81215
81217
81220
81221
81222
81246
81250
81284
81306
81343
81347
81348
81360
81371
81438
81452
81690
81699
81718
81722
81749
81755
81762
81776
81779
81782
81783
81784
81797
81803
81853
81897
81911
81916
81929
81950
81966
81967
81971
81980
81987
81988
82054
82312
82644
82666
82698
82708
82714
82716
82723
82728
82731
82753
82789
82817
82823
82828
82833
82835
82842
82843
82847
82850
82857
82859
82863
82866
82867
82869
82873
82879
82885
82891
82893
82895
82900
82901
82905
82907
82912
82913
82920
82923
82930
82935
82937
82943
82945
82949
82950
82956
82957
82996
82997
83000
83019
83021
83023
83025
83026
83027
83029
83040
83047
83048
83050
83051
83053
83055
83056
83057
83058
83066
83081
83082
83083
83100
83101
83105
83108
83109
83124
83126
83133
83134
83166
83167
83170
83171
83193
83228
83312
83424
83434
83436
83445
83450
83458
83460
83462
83464
83465
83468
83470
83475
83479
83484
83487
83491
83510
83514
83539
83546
83549
83550
83723
83756
83757
83759
83763
83813
83863
83865
83871
83895
83899
84823
84828
84838
84840
84849
84851
84854
84872
84873
84879
84880
84883
84916
84954
85001
85013
85041
85067
85273
85275
85283
85292
85294
85295
85296
85297
85298
85299
85301
85310
85324
85326
85328
85338
85340
85341
85343
85348
85350
85352
85356
85358
85361
85363
85364
85367
85368
85370
85372
85374
85375
85378
85381
85385
85391
85392
85394
85395
85402
85406
85408
85419
85420
85423
85424
85425
85428
85431
85432
85434
85436
85440
85441
85442
85443
85444
85446
85448
85449
85450
85455
85458
85459
85461
85465
85481
85482
85483
85485
85487
85488
85491
85493
85495
85498
85500
85502
85504
85505
85507
85509
85510
85512
85513
85520
85521
85524
85525
85526
85530
85531
85535
85536
85539
85541
85545
85546
85547
85548
85549
85554
85558
85560
85564
85565
85567
85568
85569
85582
85585
85586
85587
85588
85589
85590
85592
85593
85595
85601
85603
85604
85605
85606
85607
85608
85609
85610
85613
85614
85617
85619
85626
85630
85633
85634
85635
85636
85637
85644
85785
85786
85803
85804
85807
85808
85809
85812
85817
85823
85826
85829
85832
85834
85835
85842
85845
85847
85853
85855
85857
85859
85866
85928
85929
85931
85933
85934
85936
85937
85940
85942
85944
85945
85947
85948
85949
85953
85967
85970
85972
85974
85976
85980
85982
85983
85984
85985
85988
85994
85995
85998
85999
86000
86001
86002
86005
86011
86016
86017
86018
86021
86023
86025
86026
86034
86036
86038
86051
86098
86099
86101
86104
86105
86106
86107
86113
86115
86118
86120
86122
86127
86129
86130
86142
86146
86149
86153
86154
86156
86160
86163
86170
86172
86175
86176
86179
86185
86190
86191
86193
86196
86198
86199
86203
86204
86206
86209
86210
86211
86213
86214
86219
86220
86222
86224
86225
86227
86228
86229
86232
86236
86238
86240
86243
86244
86245
86246
86248
86251
86253
86255
86256
86257
86262
86268
86274
86280
86281
86283
86284
86285
86286
86288
86289
86293
86294
86295
86297
86298
86301
86304
86306
86307
86308
86310
86314
86315
86316
86317
86319
86322
86323
86324
86327
86328
86329
86330
86332
86333
86334
86335
86336
86337
86339
86342
86343
86346
86348
86351
86354
86355
86356
86357
86358
86360
86362
86363
86364
86366
86367
86371
86374
86375
86378
86381
86387
86393
86394
86396
86397
86399
86400
86401
86402
86403
86406
86407
86408
86411
86412
86414
86415
86416
86420
86421
86423
86427
86428
86432
86434
86435
86436
86437
86442
86444
86445
86447
86448
86449
86450
86455
86456
86457
86459
86460
86462
86463
86465
86466
86469
86470
86471
86472
86473
86474
86476
86479
86480
86481
86482
86485
86487
86490
86492
86493
86497
86498
86499
86500
86501
86503
86506
86512
86514
86520
86523
86526
86531
86532
86543
86552
86657
86678
86696
86698
86700
86720
86723
86726
86731
86738
86739
86745
86757
86761
86762
86763
86768
86771
86775
86777
86780
86781
86784
86786
86789
86790
86793
86794
86797
86800
86802
86803
86806
86807
86813
86814
86815
86817
86822
86824
86828
86831
86833
86834
86836
86839
86842
86848
86852
86858
86862
86864
86867
86869
86875
86876
86881
86883
86885
86887
86890
86894
86896
86897
86900
86907
86909
86911
86925
86926
86931
86933
86935
86936
86939
86941
86946
86947
86948
86952
86959
86968
86972
86977
86981
86982
86990
86991
86996
86998
87000
87003
87004
87009
87010
87014
87018
87020
87025
87026
87035
87036
87038
87039
87040
87041
87045
87048
87054
87056
87060
87062
87070
87072
87073
87076
87077
87081
87084
87094
87095
87098
87099
87105
87106
87107
87110
87111
87112
87116
87119
87126
87128
87129
87131
87133
87134
87136
87144
87146
87147
87149
87151
87152
87160
87162
87167
87168
87171
87187
87190
87191
87192
87334
87341
87346
87349
87350
87351
87352
87355
87356
87358
87361
87363
87364
87366
87367
87371
87372
87373
87375
87382
87384
87386
87388
87390
87392
87393
87395
87396
87398
87400
87401
87406
87408
87410
87411
87413
87414
87417
87419
87420
87421
87422
87423
87424
87426
87427
87431
87432
87436
87437
87438
87441
87443
87444
87446
87447
87448
87449
87454
87455
87458
87459
87461
87463
87464
87465
87469
87471
87472
87474
87475
87477
87480
87481
87484
87488
87489
87490
87491
87492
87493
87494
87495
87498
87500
87505
87515
87517
87519
87523
87525
87526
87528
87530
87531
87536
87542
87547
87548
87550
87551
87555
87557
87558
87559
87560
87565
87566
87567
87568
87569
87571
87577
87578
87579
87581
87585
87593
87597
87600
87601
87602
87608
87614
87616
87618
87619
87622
87624
87628
87629
87634
87638
87641
87642
87644
87647
87651
87652
87662
87666
87669
87671
87674
87675
87676
87677
87682
87706
87708
87710
87713
87715
87716
87717
87719
87720
87721
87725
87726
87727
87730
87735
87739
87741
87742
87744
87745
87748
87749
87751
87754
87756
87757
87758
87761
87764
87765
87769
87775
87776
87777
87780
87782
87783
87784
87786
87788
87789
87790
87791
87793
87796
87798
87799
87803
87804
87806
87807
87809
87810
87812
87815
87816
87818
87819
87820
87822
87827
87831
87838
87839
87840
87841
87842
87844
87847
87848
87849
87852
87853
87854
87857
87859
87863
87864
87866
87870
87872
87874
87876
87878
87881
87882
87883
87884
87885
87887
87888
87890
87892
87893
87894
87898
87899
87901
87902
87906
87907
87910
87911
87912
87936
88074
88103
88251
88253
88254
88265
88266
88271
88274
88278
88282
88283
88284
88288
88308
88309
88312
88318
88333
88339
88365
88369
88388
88408
88421
88423
88469
88470
88511
88514
90168
90169
90174
90176
90180
90185
90187
90188
90190
90191
90192
90195
90212
90217
90223
90224
90228
90229
90238
90246
90253
90256
90257
90262
90263
90266
90269
90272
90273
90276
90281
90284
90288
