27
61
82
95
103
115
129
132
139
144
149
166
167
170
180
183
199
201
213
240
242
244
247
251
264
272
273
274
285
287
291
293
294
299
325
329
332
333
337
338
339
340
343
349
350
353
354
356
357
364
365
370
372
380
383
387
389
390
395
399
406
407
408
409
413
417
423
424
425
433
435
436
447
448
449
460
464
479
481
493
496
509
519
540
559
578
584
589
600
603
604
606
609
611
615
617
642
649
656
664
666
687
688
689
691
699
705
712
726
729
730
733
735
751
763
769
775
792
795
796
798
802
804
810
816
819
821
831
832
842
844
846
849
856
859
887
890
892
899
900
906
913
914
915
916
917
918
921
922
923
940
943
952
958
966
968
975
978
980
981
990
992
996
1003
1005
1008
1025
1028
1034
1052
1067
1094
1103
1104
1106
1111
1119
1124
1131
1135
1136
1139
1140
1141
1148
1152
1153
1156
1157
1164
1165
1166
1167
1170
1171
1179
1193
1195
1196
1199
1203
1204
1205
1206
1209
1210
1215
1219
1222
1223
1230
1235
1236
1237
1241
1243
1248
1249
1254
1255
1256
1257
1258
1259
1264
1265
1269
1270
1271
1272
1273
1274
1281
1283
1284
1285
1291
1293
1294
1295
1298
1305
1306
1307
1311
1313
1314
1316
1327
1336
1337
1340
1342
1349
1350
1352
1356
1357
1359
1360
1361
1362
1365
1368
1375
1378
1379
1387
1401
1402
1408
1414
1421
1422
1424
1437
1438
1451
1479
1485
1506
1508
1528
1530
1536
1548
1567
1580
1581
1582
1583
1586
1605
1606
1610
1612
1613
1615
1619
1633
1634
1652
1656
1660
1662
1668
1669
1677
1680
1681
1696
1710
1711
1717
1721
1732
1734
1744
1752
1757
1772
1810
1816
1818
1822
1824
1826
1830
1831
1833
1843
1844
1847
1850
1862
1863
1869
1870
1871
1874
1881
1882
1886
1889
1892
1897
1902
1903
1907
1909
1910
1913
1917
1919
1922
1929
1931
1936
1943
1946
1953
1977
1978
1982
1987
1988
1990
1996
2000
2003
2008
2012
2018
2020
2027
2030
2032
2033
2034
2038
2049
2051
2058
2063
2067
2069
2074
2076
2080
2081
2084
2092
2094
2095
2105
2107
2108
2117
2121
2122
2127
2128
2136
2139
2143
2144
2145
2162
2209
2215
2240
2241
2243
2250
2262
2263
2264
2266
2271
2272
2277
2279
2280
2282
2285
2287
2289
2295
2296
2299
2305
2307
2308
2310
2313
2315
2317
2318
2327
2328
2332
2335
2340
2344
2346
2349
2350
2356
2357
2362
2366
2372
2381
2387
2388
2395
2403
2411
2420
2421
2423
2431
2434
2437
2439
2440
2445
2451
2453
2456
2457
2463
2467
2471
2473
2474
2478
2480
2481
2483
2486
2489
2490
2491
2494
2504
2505
2506
2508
2512
2516
2527
2532
2540
2541
2549
2552
2613
2622
2623
2625
2629
2631
2635
2637
2639
2643
2644
2650
2655
2658
2660
2662
2664
2669
2673
2678
2681
2682
2683
2685
2691
2692
2698
2710
2716
2723
2727
2738
2739
2740
2742
2749
2751
2753
2760
2762
2775
2777
2778
2782
2783
2796
2797
2807
2809
2810
2812
2813
2814
2815
2818
2824
2825
2829
2830
2833
2834
2835
2838
2842
2843
2844
2846
2850
2858
2859
2866
2867
2869
2870
2871
2872
2874
2880
2882
2887
2888
2893
2898
2907
2914
2915
2917
2920
2921
2923
2924
2935
2938
2939
2940
2942
2945
2946
2948
2949
2950
2951
2958
2960
2962
2964
2967
2973
2974
2975
2981
2986
2987
2988
2989
2992
2993
3000
3004
3008
3010
3013
3015
3016
3018
3020
3021
3025
3027
3028
3031
3032
3034
3037
3039
3045
3051
3054
3055
3056
3059
3061
3064
3065
3077
3083
3084
3087
3088
3092
3107
3110
3111
3113
3122
3125
3128
3132
3133
3136
3137
3142
3146
3150
3151
3155
3187
3194
3198
3199
3225
3249
3295
3318
3401
3423
3437
3450
3454
3460
3468
3471
3477
3479
3486
3487
3490
3491
3492
3498
3504
3506
3507
3508
3509
3512
3516
3517
3520
3531
3536
3538
3541
3542
3543
3548
3549
3551
3558
3560
3563
3564
3566
3574
3575
3576
3579
3580
3586
3587
3588
3591
3593
3594
3595
3599
3602
3603
3604
3608
3611
3614
3616
3617
3624
3626
3630
3632
3634
3641
3642
3643
3647
3649
3650
3651
3655
3656
3657
3658
3660
3661
3663
3664
3667
3673
3678
3679
3680
3681
3686
3688
3690
3694
3703
3707
3709
3710
3713
3715
3716
3718
3719
3720
3721
3722
3726
3727
3731
3732
3733
3734
3736
3740
3745
3747
3751
3752
3759
3771
3789
3796
3797
3798
3801
3802
3804
3805
3807
3812
3813
3814
3815
3816
3817
3818
3820
3822
3823
3827
3832
3837
3851
3852
3856
3858
3859
3860
3861
3862
3863
3864
3865
3867
3868
3869
3871
3872
3873
3880
3881
3885
3888
3889
3890
3891
3893
3898
3899
3900
3901
3902
3903
3904
3906
3907
3909
3910
3911
3914
3922
3923
3925
3926
3928
3930
3935
3936
3937
3945
3946
3947
3949
3951
3952
3955
3956
3962
3964
3976
3978
3979
3981
3985
3986
3988
3989
3991
4001
4003
4005
4008
4012
4013
4023
4025
4026
4028
4029
4032
4033
4034
4035
4036
4037
4038
4040
4045
4049
4053
4054
4055
4056
4058
4059
4062
4064
4068
4069
4070
4082
4084
4086
4088
4089
4090
4092
4095
4099
4101
4103
4104
4109
4111
4112
4124
4126
4128
4129
4132
4135
4137
4138
4139
4141
4142
4145
4149
4150
4155
4161
4167
4170
4171
4172
4176
4177
4178
4181
4186
4188
4191
4202
4203
4210
4221
4223
4227
4228
4229
4236
4242
4251
4253
4256
4264
4278
4280
4283
4302
4305
4315
4316
4317
4338
4361
4366
4372
4408
4433
4481
4482
4486
4548
4557
4561
4562
4569
4570
4583
4585
4587
4601
4609
4616
4617
4622
4630
4633
4634
4640
4641
4647
4648
4650
4651
4653
4655
4660
4661
4662
4664
4669
4671
4674
4678
4681
4683
4686
4690
4691
4693
4695
4697
4703
4706
4709
4710
4712
4713
4716
4726
4741
4744
4747
4749
4751
4760
4761
4765
4768
4771
4772
4776
4778
4779
4781
4782
4784
4786
4787
4789
4790
4791
4800
4802
4803
4809
4810
4812
4813
4814
4815
4821
4828
4829
4830
4831
4832
4835
4836
4839
4840
4841
4845
4850
4851
4852
4855
4860
4861
4864
4865
4866
4867
4868
4872
4873
4879
4887
4894
4897
4923
4926
4929
4934
4936
4939
4943
4947
4951
4954
4955
4957
4959
4960
4961
4965
4966
4967
4968
4971
4972
4976
4979
4982
4995
5005
5006
5014
5015
5016
5017
5021
5022
5023
5029
5030
5031
5034
5039
5042
5045
5046
5047
5050
5052
5053
5054
5056
5057
5058
5066
5068
5074
5077
5083
5086
5091
5104
5105
5107
5109
5110
5113
5115
5116
5120
5124
5127
5128
5129
5130
5131
5134
5135
5138
5145
5148
5150
5153
5154
5155
5156
5161
5163
5165
5166
5167
5168
5174
5180
5181
5187
5189
5192
5195
5196
5198
5199
5200
5201
5202
5203
5205
5209
5212
5213
5224
5225
5226
5227
5228
5232
5234
5235
5236
5237
5238
5239
5240
5241
5246
5247
5249
5250
5251
5254
5255
5256
5259
5260
5270
5271
5274
5275
5280
5285
5289
5290
5291
5292
5295
5296
5298
5302
5308
5309
5311
5317
5318
5319
5322
5323
5325
5326
5338
5340
5341
5350
5358
5360
5364
5365
5368
5369
5370
5372
5374
5375
5382
5395
5396
5402
5403
5405
5407
5409
5410
5412
5413
5415
5417
5429
5431
5441
5449
5454
5455
5461
5478
5494
5522
5526
5531
5600
5692
5698
5702
5705
5712
5715
5718
5721
5724
5725
5728
5733
5734
5735
5740
5743
5750
5751
5754
5755
5763
5769
5770
5772
5776
5778
5780
5782
5783
5785
5792
5794
5797
5800
5801
5804
5805
5807
5812
5818
5819
5820
5827
5833
5836
5839
5840
5843
5847
5851
5852
5854
5859
5860
5866
5868
5869
5870
5873
5877
5881
5882
5886
5890
5891
5892
5895
5896
5902
5903
5904
5907
5909
5913
5915
5916
5921
5922
5923
5930
5934
5936
5937
5940
5941
5943
5948
5951
5952
5955
5960
5964
5982
5987
6014
6020
6022
6024
6025
6026
6028
6030
6033
6035
6038
6043
6046
6047
6050
6053
6055
6059
6061
6069
6073
6076
6078
6081
6082
6083
6089
6091
6095
6100
6103
6105
6106
6111
6112
6114
6116
6118
6122
6135
6138
6139
6140
6141
6142
6144
6145
6146
6147
6150
6151
6152
6153
6155
6156
6157
6158
6161
6164
6167
6171
6178
6181
6182
6183
6188
6189
6190
6191
6199
6201
6204
6207
6209
6216
6219
6220
6223
6224
6226
6227
6229
6230
6235
6236
6238
6240
6242
6243
6244
6247
6248
6254
6261
6262
6264
6269
6279
6281
6285
6288
6289
6291
6292
6294
6296
6298
6302
6303
6305
6306
6308
6309
6312
6313
6316
6318
6319
6320
6321
6333
6334
6335
6338
6339
6344
6346
6348
6349
6351
6354
6355
6357
6360
6361
6362
6363
6364
6365
6367
6379
6387
6388
6398
6399
6401
6402
6403
6405
6406
6407
6414
6417
6418
6419
6420
6421
6426
6427
6429
6430
6431
6433
6434
6436
6439
6446
6448
6451
6454
6458
6459
6460
6461
6463
6471
6472
6475
6476
6479
6480
6481
6483
6485
6488
6497
6503
6515
6521
6528
6529
6530
6533
6548
6565
6573
6587
6615
6627
6645
6654
6677
6706
6717
6719
6774
6802
6809
6810
6819
6824
6830
6834
6841
6842
6843
6845
6846
6850
6852
6863
6868
6871
6872
6875
6877
6878
6881
6884
6885
6886
6891
6894
6895
6898
6901
6903
6904
6909
6913
6917
6921
6925
6926
6930
6934
6939
6941
6943
6945
6951
6953
6957
6958
6965
6966
6969
6971
6979
6981
6982
6984
6985
6986
6987
6990
6991
6996
6998
7001
7018
7020
7072
7074
7075
7076
7079
7080
7081
7082
7084
7086
7089
7092
7094
7098
7101
7106
7107
7108
7110
7111
7117
7127
7129
7132
7136
7138
7139
7141
7143
7145
7147
7150
7151
7153
7154
7156
7158
7160
7163
7165
7166
7167
7177
7186
7192
7196
7197
7198
7201
7202
7206
7207
7214
7218
7219
7220
7221
7225
7229
7230
7231
7233
7234
7236
7237
7241
7249
7250
7252
7253
7255
7261
7266
7269
7273
7276
7277
7278
7284
7287
7294
7298
7306
7316
7317
7324
7326
7327
7328
7330
7332
7333
7336
7338
7341
7343
7344
7346
7349
7357
7360
7361
7364
7366
7368
7370
7371
7372
7373
7378
7384
7386
7388
7390
7393
7397
7399
7400
7401
7402
7403
7404
7405
7408
7409
7410
7411
7413
7418
7421
7422
7423
7434
7435
7437
7442
7445
7446
7448
7453
7456
7460
7461
7464
7472
7475
7478
7483
7485
7488
7491
7498
7499
7520
7523
7524
7525
7533
7536
7537
7541
7549
7550
7551
7552
7554
7557
7565
7570
7591
7604
7654
7658
7659
7667
7683
7686
7726
7799
7800
7808
7826
7829
7831
7843
7845
7848
7850
7851
7855
7857
7863
7865
7868
7874
7875
7877
7878
7879
7881
7885
7889
7893
7894
7898
7899
7904
7905
7909
7912
7916
7917
7919
7920
7922
7924
7925
7926
7927
7928
7936
7939
7945
7950
7951
7953
7955
7964
7966
7971
7973
7976
7979
7980
7986
7991
7997
7998
7999
8000
8004
8005
8010
8012
8015
8026
8028
8029
8030
8032
8034
8038
8039
8040
8045
8049
8064
8065
8066
8072
8078
8080
8082
8084
8085
8086
8087
8088
8094
8097
8098
8101
8102
8103
8104
8106
8107
8113
8144
8150
8158
8160
8161
8162
8163
8165
8166
8167
8169
8174
8178
8181
8182
8183
8184
8185
8189
8190
8195
8196
8199
8200
8205
8208
8209
8210
8211
8212
8213
8214
8218
8223
8230
8232
8234
8235
8236
8237
8238
8240
8244
8247
8251
8256
8261
8264
8269
8271
8273
8277
8278
8282
8286
8291
8292
8296
8298
8299
8300
8301
8303
8304
8307
8309
8313
8314
8319
8320
8321
8322
8323
8327
8328
8330
8335
8336
8338
8343
8344
8345
8348
8349
8350
8354
8355
8356
8361
8364
8366
8367
8368
8369
8371
8374
8376
8383
8384
8385
8386
8392
8393
8396
8398
8399
8403
8407
8413
8414
8415
8418
8419
8420
8421
8422
8427
8428
8435
8436
8438
8439
8441
8442
8443
8447
8451
8452
8454
8457
8459
8460
8461
8462
8463
8464
8465
8466
8467
8471
8473
8476
8482
8483
8485
8486
8489
8490
8494
8496
8501
8503
8508
8512
8513
8519
8521
8527
8529
8531
8532
8536
8539
8543
8544
8552
8553
8555
8557
8562
8563
8565
8568
8569
8581
8583
8587
8588
8590
8594
8597
8599
8600
8602
8603
8609
8610
8612
8613
8614
8625
8634
8636
8641
8643
8648
8657
8659
8660
8661
8664
8667
8671
8678
8686
8692
8698
8699
8701
8702
8709
8719
8738
8739
8740
8758
8780
8782
8786
8833
8847
8854
8895
8951
9000
9011
9019
9022
9023
9024
9027
9029
9031
9032
9034
9035
9042
9044
9045
9046
9047
9050
9051
9055
9058
9059
9062
9065
9067
9069
9070
9072
9076
9078
9081
9085
9087
9102
9104
9106
9107
9111
9112
9115
9120
9126
9132
9136
9141
9143
9146
9152
9153
9156
9160
9162
9163
9168
9171
9179
9180
9181
9185
9188
9195
9196
9199
9200
9203
9204
9205
9206
9210
9211
9213
9214
9217
9221
9223
9226
9228
9239
9240
9241
9245
9248
9252
9262
9264
9283
9289
9292
9294
9298
9300
9301
9302
9303
9309
9310
9312
9315
9317
9318
9324
9325
9327
9328
9330
9331
9333
9334
9336
9338
9341
9344
9348
9361
9363
9365
9366
9367
9371
9374
9378
9379
9380
9381
9386
9391
9400
9405
9406
9408
9409
9413
9415
9419
9420
9422
9423
9427
9430
9436
9439
9440
9441
9442
9451
9455
9457
9461
9465
9469
9473
9475
9476
9477
9478
9480
9481
9483
9484
9486
9488
9493
9495
9498
9500
9501
9503
9504
9507
9515
9516
9517
9518
9520
9522
9524
9526
9527
9532
9538
9548
9553
9555
9557
9558
9559
9562
9564
9570
9573
9577
9581
9590
9593
9598
9599
9603
9604
9606
9607
9608
9609
9611
9621
9622
9623
9624
9625
9626
9630
9631
9632
9633
9634
9636
9638
9646
9647
9649
9650
9653
9654
9661
9662
9664
9667
9668
9670
9671
9672
9674
9676
9677
9687
9691
9694
9695
9701
9707
9708
9710
9711
9714
9715
9722
9724
9734
9742
9763
9764
9766
9825
9860
9882
9894
10004
10009
10010
10020
10023
10024
10025
10026
10054
10067
10071
10074
10078
10079
10082
10083
10084
10085
10092
10093
10094
10095
10104
10105
10116
10117
10127
10131
10139
10142
10146
10150
10153
10154
10160
10169
10171
10172
10173
10174
10182
10184
10194
10269
10270
10277
10279
10288
10289
10293
10297
10302
10303
10304
10315
10317
10321
10323
10327
10331
10332
10335
10339
10340
10348
10353
10358
10360
10363
10369
10371
10372
10373
10374
10375
10376
10379
10384
10385
10387
10388
10390
10391
10394
10397
10398
10401
10404
10406
10408
10410
10415
10416
10417
10418
10420
10421
10422
10424
10427
10428
10429
10431
10432
10435
10437
10440
10444
10445
10448
10454
10458
10459
10461
10462
10464
10466
10472
10483
10505
10506
10514
10515
10523
10531
10539
10545
10550
10551
10552
10564
10566
10573
10574
10575
10585
10588
10592
10593
10595
10597
10606
10607
10611
10614
10615
10622
10623
10626
10640
10641
10642
10644
10648
10649
10656
10659
10660
10662
10666
10668
10669
10671
10683
10684
10693
10695
10696
10697
10700
10706
10708
10713
10715
10721
10722
10724
10731
10732
10734
10737
10738
10740
10742
10743
10746
10747
10749
10750
10751
10753
10754
10761
10769
10770
10773
10776
10778
10781
10785
10787
10792
10793
10794
10795
10797
10798
10815
10823
10824
10827
10828
10829
10830
10835
10837
10838
10839
10840
10843
10844
10848
10855
10861
10863
10864
10866
10870
10872
10873
10876
10877
10878
10884
10886
10887
10888
10896
10899
10900
10902
10908
10911
10913
10914
10915
10917
10918
10920
10921
10922
10923
10924
10930
10940
10942
10943
10946
10948
10953
10956
10957
10959
10964
10978
10979
10981
10986
10987
10989
10990
10993
11004
11005
11006
11017
11031
11033
11036
11056
11097
11130
11178
11193
11204
11229
11239
11240
11241
11251
11260
11304
11308
11313
11317
11325
11329
11330
11334
11345
11359
11362
11373
11376
11413
11429
11433
11434
11440
11441
11442
11447
11448
11451
11460
11464
11466
11468
11472
11473
11476
11477
11478
11482
11493
11498
11502
11503
11505
11509
11510
11518
11524
11538
11541
11549
11554
11567
11580
11585
11602
11614
11615
11642
11644
11646
11650
11651
11653
11656
11657
11659
11663
11668
11671
11678
11679
11687
11693
11703
11708
11710
11714
11719
11721
11723
11727
11728
11730
11732
11740
11765
11767
11769
11772
11775
11776
11780
11783
11786
11788
11792
11796
11801
11806
11808
11815
11820
11821
11825
11826
11827
11829
11842
11846
11866
11867
11868
11870
11871
11875
11877
11882
11883
11884
11885
11889
11891
11903
11905
11912
11913
11919
11920
11925
11927
11928
11934
11947
11958
11972
11974
11975
11976
11979
11983
11984
11988
11990
11991
11992
11994
11995
12001
12016
12017
12021
12023
12025
12028
12029
12031
12032
12033
12035
12036
12037
12050
12051
12057
12059
12068
12069
12071
12073
12075
12076
12079
12082
12088
12094
12098
12109
12110
12112
12114
12127
12134
12139
12145
12160
12166
12167
12168
12181
12184
12201
12208
12210
12212
12218
12223
12238
12465
12473
12478
12479
12482
12485
12489
12495
12500
12505
12512
12516
12517
12520
12523
12529
12533
12538
12540
12548
12554
12556
12559
12561
12564
12569
12571
12572
12574
12577
12580
12581
12587
12591
12595
12598
12599
12609
12612
12613
12619
12620
12621
12622
12626
12637
12640
12645
12647
12650
12654
12656
12657
12661
12664
12665
12668
12672
12677
12683
12684
12685
12693
12695
12696
12701
12710
12718
12730
12736
12737
12738
12741
12745
12752
12754
12756
12760
12761
12764
12767
12768
12771
12772
12773
12777
12779
12781
12783
12791
12793
12808
12815
12840
12844
12858
12861
12866
12868
12869
12875
12878
12886
12888
12891
12893
12906
12907
12909
12910
12911
12913
12915
12917
12919
12949
12951
12952
12959
12962
12979
12982
12983
12984
12985
12988
12989
12991
12993
12994
12995
12996
13003
13012
13013
13014
13015
13020
13021
13025
13026
13027
13028
13029
13031
13032
13033
13036
13044
13048
13049
13056
13057
13059
13072
13073
13074
13076
13079
13081
13082
13089
13091
13092
13097
13101
13104
13105
13108
13109
13112
13130
13134
13135
13136
13138
13139
13140
13142
13144
13150
13152
13155
13156
13158
13159
13160
13164
13166
13175
13178
13181
13182
13186
13187
13197
13200
13203
13208
13214
13215
13220
13222
13228
13229
13230
13231
13234
13240
13241
13242
13243
13244
13247
13254
13256
13258
13260
13263
13266
13271
13275
13276
13280
13284
13288
13290
13296
13301
13302
13304
13307
13309
13311
13313
13314
13319
13327
13328
13329
13330
13331
13335
13340
13341
13344
13345
13347
13348
13349
13352
13353
13354
13356
13357
13371
13372
13373
13374
13375
13380
13386
13387
13394
13395
13396
13408
13428
13429
13464
13488
13494
13630
13662
13669
13693
13728
13732
13734
13735
13736
13738
13740
13744
13749
13759
13765
13766
13777
13778
13780
13784
13786
13788
13791
13795
13799
13800
13801
13805
13807
13819
13820
13823
13825
13826
13827
13831
13833
13834
13837
13844
13845
13852
13856
13858
13859
13860
13862
13865
13869
13870
13880
13881
13882
13887
13889
13896
13898
13899
13900
13903
13904
13906
13908
13910
13915
13919
13920
13933
13935
13937
13942
13944
13945
13947
13949
13958
13959
13967
13970
13972
13974
14001
14007
14010
14012
14020
14034
14035
14043
14048
14049
14050
14052
14053
14055
14056
14057
14060
14063
14064
14065
14066
14068
14069
14070
14073
14076
14078
14084
14088
14089
14091
14092
14096
14098
14101
14103
14110
14120
14121
14132
14134
14137
14140
14142
14144
14145
14152
14156
14157
14163
14165
14173
14174
14176
14180
14181
14182
14183
14185
14188
14189
14190
14193
14194
14195
14196
14197
14199
14200
14208
14210
14212
14215
14219
14221
14222
14223
14226
14227
14233
14235
14237
14243
14244
14245
14248
14249
14252
14257
14261
14265
14268
14272
14273
14274
14276
14278
14279
14280
14282
14285
14293
14295
14297
14298
14299
14302
14304
14305
14306
14307
14308
14309
14310
14311
14312
14320
14322
14323
14324
14340
14345
14346
14349
14354
14357
14359
14362
14365
14366
14370
14375
14376
14380
14391
14393
14394
14395
14396
14400
14402
14407
14408
14409
14416
14417
14425
14428
14429
14430
14431
14446
14448
14449
14451
14453
14455
14457
14459
14461
14463
14464
14471
14473
14475
14478
14480
14481
14482
14483
14484
14487
14489
14491
14496
14497
14500
14513
14514
14515
14517
14518
14523
14533
14534
14538
14549
14550
14553
14554
14561
14582
14589
14591
14593
14596
14597
14599
14603
14620
14623
14636
14637
14678
14739
14761
14762
14868
14871
14885
14889
14896
14897
14900
14901
14905
14914
14916
14920
14922
14924
14934
14935
14936
14940
14944
14946
14952
14959
14961
14964
14966
14968
14969
14982
14983
14986
14987
14988
14993
14997
15001
15002
15006
15017
15021
15023
15025
15029
15033
15034
15051
15061
15064
15066
15070
15072
15073
15075
15076
15082
15086
15087
15089
15090
15093
15097
15099
15101
15102
15105
15109
15112
15115
15117
15119
15120
15122
15127
15132
15135
15140
15144
15145
15146
15160
15178
15180
15182
15191
15193
15198
15207
15218
15219
15227
15229
15234
15235
15236
15244
15245
15249
15250
15251
15252
15254
15256
15261
15266
15267
15273
15281
15284
15285
15287
15288
15291
15293
15297
15298
15300
15305
15309
15318
15320
15330
15337
15338
15339
15342
15349
15351
15356
15358
15359
15361
15363
15364
15368
15370
15371
15379
15380
15388
15389
15390
15392
15394
15399
15405
15406
15409
15410
15411
15415
15416
15419
15420
15425
15428
15429
15430
15431
15432
15434
15445
15446
15448
15450
15452
15453
15454
15455
15456
15458
15459
15462
15467
15471
15474
15475
15480
15487
15489
15491
15493
15499
15501
15503
15507
15511
15512
15513
15514
15516
15534
15537
15538
15544
15547
15548
15552
15553
15556
15558
15559
15561
15564
15567
15568
15569
15576
15579
15580
15581
15583
15584
15585
15586
15591
15592
15596
15597
15606
15608
15609
15610
15611
15614
15615
15616
15618
15619
15621
15622
15628
15632
15633
15634
15640
15642
15643
15646
15652
15653
15654
15655
15658
15659
15664
15665
15670
15674
15680
15685
15686
15688
15690
15691
15692
15698
15700
15709
15712
15728
15730
15750
15764
15794
15808
15831
15933
15950
15968
15985
15994
15997
16003
16005
16010
16012
16014
16015
16019
16023
16026
16029
16035
16040
16041
16042
16046
16048
16049
16051
16053
16059
16066
16071
16083
16084
16090
16092
16093
16095
16098
16102
16104
16105
16106
16113
16116
16117
16123
16127
16129
16130
16131
16135
16137
16144
16145
16146
16148
16150
16154
16156
16157
16160
16161
16167
16169
16181
16183
16188
16190
16193
16194
16202
16214
16217
16219
16223
16232
16242
16243
16249
16250
16253
16255
16257
16263
16264
16266
16267
16268
16271
16274
16278
16280
16281
16284
16286
16288
16291
16292
16307
16314
16318
16325
16330
16347
16350
16351
16352
16353
16354
16357
16359
16363
16369
16370
16373
16376
16390
16394
16397
16398
16400
16401
16405
16406
16409
16411
16413
16421
16422
16423
16426
16428
16431
16438
16441
16443
16448
16449
16450
16451
16452
16454
16456
16462
16464
16467
16486
16491
16494
16498
16499
16505
16506
16508
16509
16513
16514
16515
16516
16524
16525
16526
16531
16534
16539
16540
16541
16542
16543
16544
16545
16546
16547
16549
16557
16562
16571
16572
16573
16575
16579
16581
16584
16585
16592
16594
16595
16603
16604
16607
16608
16609
16612
16614
16615
16619
16622
16625
16626
16627
16628
16630
16631
16633
16637
16641
16642
16650
16655
16660
16664
16669
16673
16674
16675
16681
16682
16685
16688
16689
16691
16693
16694
16695
16700
16702
16705
16707
16708
16709
16713
16716
16724
16725
16727
16728
16729
16730
16734
16736
16748
16749
16751
16756
16762
16766
16767
16768
16773
16774
16784
16785
16794
16799
16801
16806
16807
16809
16810
16812
16817
16818
16828
16831
16839
16840
16841
16845
16847
16866
16867
16870
16885
16889
16891
16924
16927
16948
16958
16961
16970
16995
17035
17177
17178
17207
17215
17218
17221
17222
17224
17226
17230
17231
17232
17237
17242
17244
17249
17252
17256
17257
17263
17264
17274
17275
17288
17289
17300
17303
17306
17308
17322
17324
17331
17332
17336
17338
17339
17342
17351
17353
17361
17365
17367
17374
17375
17380
17385
17394
17395
17396
17404
17407
17411
17412
17421
17426
17427
17428
17432
17433
17434
17444
17449
17455
17458
17471
17476
17488
17491
17498
17503
17512
17517
17519
17523
17528
17551
17552
17565
17574
17575
17576
17577
17581
17584
17585
17587
17600
17603
17618
17622
17623
17627
17631
17632
17634
17635
17638
17664
17666
17674
17677
17687
17701
17712
17713
17715
17716
17719
17721
17727
17731
17733
17742
17743
17748
17760
17761
17763
17771
17774
17777
17783
17784
17788
17810
17813
17821
17822
17823
17828
17833
17835
17844
17851
17855
17857
17859
17863
17865
17871
17872
17873
17875
17876
17877
17882
17883
17884
17885
17891
17894
17896
17898
17902
17903
17904
17909
17910
17913
17915
17919
17922
17923
17930
17936
17940
17945
17953
17954
17955
17964
17969
17970
17972
17976
17999
18001
18003
18005
18007
18008
18009
18014
18036
18039
18044
18045
18046
18051
18056
18062
18082
18085
18087
18100
18103
18107
18117
18121
18156
18158
18174
18234
18285
18298
18312
18374
18393
18414
18434
18440
18442
18450
18455
18456
18458
18461
18462
18464
18469
18471
18478
18479
18483
18486
18488
18494
18504
18506
18509
18514
18518
18519
18521
18525
18527
18528
18530
18532
18534
18535
18537
18540
18544
18545
18549
18550
18551
18554
18557
18561
18565
18572
18574
18575
18579
18581
18582
18583
18584
18586
18587
18592
18593
18595
18596
18604
18607
18608
18610
18614
18616
18617
18623
18624
18625
18628
18636
18637
18651
18656
18657
18662
18665
18675
18677
18681
18683
18685
18686
18690
18692
18696
18698
18704
18706
18707
18709
18710
18711
18714
18717
18718
18721
18722
18727
18729
18731
18732
18733
18735
18736
18738
18740
18744
18745
18747
18748
18749
18755
18756
18758
18764
18773
18774
18776
18783
18784
18785
18788
18791
18803
18804
18821
18824
18826
18831
18834
18839
18840
18841
18844
18845
18848
18849
18850
18856
18860
18861
18862
18864
18866
18869
18873
18877
18878
18882
18883
18885
18886
18891
18892
18894
18900
18906
18910
18914
18917
18919
18920
18921
18932
18936
18938
18940
18946
18947
18948
18949
18955
18958
18959
18960
18963
18965
18967
18977
18981
18987
18988
18989
18990
18991
18993
18998
19000
19001
19002
19006
19008
19013
19015
19021
19022
19023
19024
19025
19029
19031
19037
19038
19040
19041
19043
19045
19049
19050
19053
19054
19057
19062
19063
19070
19071
19073
19074
19075
19077
19080
19081
19082
19083
19084
19087
19088
19090
19098
19113
19114
19115
19116
19117
19118
19121
19122
19129
19131
19134
19135
19136
19138
19139
19141
19142
19143
19144
19154
19155
19157
19162
19165
19166
19168
19170
19172
19173
19178
19180
19182
19185
19186
19187
19189
19193
19195
19196
19204
19209
19210
19213
19216
19221
19224
19228
19229
19232
19233
19234
19235
19236
19239
19245
19247
19249
19257
19258
19263
19264
19267
19270
19274
19275
19276
19277
19286
19293
19294
19298
19303
19306
19309
19310
19320
19324
19326
19332
19333
19339
19343
19354
19356
19358
19362
19375
19377
19384
19399
19401
19402
19414
19419
19424
19429
19431
19434
19435
19437
19455
19482
19492
19613
19614
19651
19654
19656
19662
19666
19667
19668
19673
19674
19675
19679
19684
19689
19692
19698
19701
19702
19705
19706
19708
19710
19711
19712
19713
19717
19719
19720
19724
19725
19728
19733
19734
19736
19739
19742
19745
19746
19751
19754
19755
19757
19760
19761
19762
19764
19765
19767
19768
19770
19771
19773
19776
19779
19785
19788
19790
19791
19795
19796
19802
19803
19806
19808
19812
19820
19825
19828
19831
19838
19845
19846
19847
19849
19850
19851
19856
19869
19870
19872
19874
19875
19881
19882
19884
19888
19889
19891
19892
19894
19895
19896
19898
19901
19902
19905
19906
19907
19908
19915
19917
19919
19921
19925
19926
19927
19928
19929
19930
19937
19941
19943
19947
19949
19950
19954
19957
19963
19965
19981
19984
19986
19988
19989
19990
19995
19997
19998
19999
20000
20001
20002
20004
20006
20008
20009
20010
20011
20012
20015
20019
20020
20022
20023
20026
20030
20037
20039
20041
20045
20046
20047
20049
20052
20053
20054
20055
20056
20057
20059
20060
20061
20062
20063
20064
20066
20069
20070
20072
20073
20084
20085
20087
20089
20090
20091
20096
20097
20098
20099
20100
20101
20103
20105
20115
20116
20117
20118
20119
20120
20122
20126
20127
20130
20132
20133
20137
20139
20142
20143
20144
20145
20147
20162
20163
20164
20165
20167
20168
20170
20171
20173
20175
20176
20177
20178
20180
20181
20186
20187
20200
20202
20203
20204
20206
20207
20212
20215
20217
20219
20220
20221
20223
20224
20225
20227
20228
20230
20231
20232
20233
20234
20242
20247
20248
20249
20250
20251
20252
20253
20254
20255
20256
20257
20258
20259
20260
20264
20266
20272
20274
20276
20277
20280
20282
20283
20284
20287
20289
20292
20294
20295
20296
20297
20299
20302
20303
20304
20305
20311
20314
20315
20317
20318
20322
20323
20324
20326
20327
20329
20331
20332
20337
20341
20348
20349
20350
20351
20353
20354
20355
20356
20358
20361
20367
20368
20372
20373
20375
20377
20378
20392
20393
20402
20403
20413
20415
20419
20441
20453
20464
20566
20573
20618
20655
20669
20692
20694
20698
20699
20713
20716
20718
20719
20720
20731
20734
20736
20740
20743
20744
20745
20747
20751
20762
20764
20768
20769
20770
20771
20773
20775
20776
20777
20779
20785
20790
20795
20797
20802
20809
20810
20812
20815
20825
20826
20827
20828
20833
20838
20856
20862
20871
20879
20885
20890
20895
20902
20908
20909
20911
20919
20922
20926
20933
20947
20951
20952
20957
20958
20960
20967
20971
20975
20979
20980
20982
20990
20994
20995
20996
20998
21000
21002
21003
21010
21011
21014
21015
21018
21022
21023
21024
21025
21026
21032
21035
21042
21043
21047
21048
21049
21058
21059
21060
21061
21063
21066
21071
21072
21081
21084
21087
21092
21098
21100
21103
21105
21107
21116
21119
21122
21123
21124
21125
21126
21129
21130
21131
21138
21142
21144
21145
21146
21147
21150
21151
21153
21154
21155
21156
21157
21159
21161
21167
21169
21172
21173
21175
21178
21179
21180
21183
21186
21187
21196
21197
21200
21201
21206
21210
21220
21226
21227
21231
21232
21235
21248
21252
21261
21268
21269
21274
21275
21277
21278
21280
21283
21286
21287
21288
21291
21294
21297
21298
21310
21313
21324
21325
21327
21328
21329
21330
21332
21333
21336
21339
21355
21356
21360
21361
21362
21365
21367
21369
21370
21371
21388
21389
21392
21397
21399
21401
21405
21406
21407
21409
21413
21416
21418
21421
21422
21423
21428
21429
21445
21447
21448
21451
21457
21458
21459
21462
21464
21466
21472
21473
21474
21477
21478
21480
21482
21485
21494
21502
21504
21508
21512
21515
21518
21523
21524
21527
21529
21530
21531
21532
21533
21534
21536
21537
21538
21539
21540
21542
21546
21558
21561
21565
21568
21572
21576
21577
21579
21582
21587
21599
21601
21605
21606
21611
21612
21613
21614
21616
21618
21623
21625
21627
21629
21630
21632
21653
21655
21662
21664
21665
21670
21672
21673
21674
21675
21678
21680
21682
21683
21693
21695
21704
21705
21712
21717
21720
21724
21725
21727
21728
21729
21730
21742
21744
21748
21752
21761
21763
21764
21766
21772
21775
21795
21820
21821
21824
21829
21832
21839
21864
21865
21870
21881
21901
21920
21922
21987
22039
22082
22102
22145
22160
22162
22166
22182
22185
22188
22196
22199
22202
22205
22209
22216
22222
22224
22231
22233
22236
22240
22241
22243
22245
22251
22257
22263
22265
22268
22271
22273
22289
22293
22300
22301
22305
22308
22311
22315
22322
22344
22355
22373
22385
22386
22389
22392
22394
22398
22407
22410
22411
22413
22416
22423
22424
22425
22426
22427
22438
22450
22454
22455
22461
22466
22469
22470
22495
22496
22516
22523
22534
22536
22545
22548
22550
22557
22560
22561
22562
22570
22578
22592
22593
22596
22597
22601
22602
22604
22607
22613
22615
22617
22619
22630
22634
22636
22641
22645
22664
22675
22678
22695
22696
22703
22704
22711
22712
22714
22716
22722
22724
22733
22738
22752
22756
22762
22766
22770
22785
22786
22787
22789
22790
22791
22793
22794
22798
22801
22808
22812
22820
22822
22823
22824
22826
22829
22840
22844
22850
22853
22863
22869
22871
22875
22880
22882
22884
22885
22886
22890
22895
22899
22901
22903
22912
22915
22922
22930
22932
22945
22947
22950
22978
22981
22986
22988
22989
23019
23021
23027
23035
23038
23040
23046
23050
23064
23066
23068
23070
23075
23085
23092
23096
23111
23137
23138
23139
23143
23144
23167
23170
23251
23468
23477
23490
23501
23508
23509
23512
23516
23518
23519
23520
23523
23524
23526
23527
23528
23533
23535
23540
23550
23551
23552
23554
23555
23558
23564
23566
23568
23571
23573
23574
23575
23577
23579
23586
23590
23593
23598
23600
23601
23603
23605
23607
23608
23615
23617
23619
23624
23630
23636
23643
23644
23654
23658
23659
23666
23669
23671
23677
23683
23694
23697
23700
23702
23705
23707
23710
23712
23716
23718
23721
23726
23729
23737
23743
23749
23754
23755
23764
23776
23777
23807
23832
23834
23835
23838
23840
23847
23852
23853
23859
23861
23863
23865
23871
23873
23875
23883
23895
23896
23897
23899
23902
23903
23907
23910
23917
23918
23935
23938
23941
23943
23948
23951
23955
23960
23963
23966
23968
23969
23975
23978
23980
23981
23983
23989
23995
23998
24002
24003
24006
24010
24013
24027
24029
24032
24033
24035
24038
24040
24054
24058
24068
24072
24081
24092
24093
24100
24101
24103
24104
24106
24107
24114
24115
24116
24117
24118
24119
24121
24122
24124
24134
24139
24140
24143
24144
24145
24146
24147
24148
24149
24152
24153
24154
24155
24156
24157
24160
24161
24164
24175
24180
24181
24184
24186
24187
24191
24195
24197
24201
24204
24207
24218
24220
24225
24229
24231
24233
24235
24240
24242
24248
24250
24251
24260
24262
24264
24266
24269
24276
24288
24303
24307
24309
24326
24328
24342
24357
24363
24364
24371
24372
24399
24434
24454
24561
24562
24580
24587
24594
24608
24613
24617
24622
24624
24628
24633
24637
24638
24643
24646
24656
24657
24659
24661
24663
24666
24667
24668
24671
24673
24674
24676
24678
24683
24684
24687
24689
24692
24699
24700
24701
24703
24704
24705
24706
24708
24709
24711
24717
24724
24730
24731
24732
24735
24757
24767
24769
24775
24777
24778
24780
24784
24786
24789
24790
24797
24799
24800
24809
24813
24814
24818
24822
24832
24833
24834
24837
24855
24857
24863
24869
24870
24872
24890
24917
24921
24922
24926
24928
24929
24930
24931
24935
24937
24939
24940
24941
24944
24945
24953
24954
24955
24958
24963
24965
24968
24978
24987
24989
24990
24994
25002
25003
25005
25014
25020
25021
25026
25027
25031
25033
25034
25036
25042
25044
25046
25047
25049
25052
25055
25058
25059
25060
25061
25062
25064
25074
25075
25077
25080
25085
25086
25087
25094
25098
25101
25103
25105
25108
25112
25113
25114
25116
25117
25119
25123
25129
25132
25137
25138
25150
25159
25161
25168
25173
25174
25175
25177
25178
25179
25182
25187
25189
25194
25196
25201
25205
25207
25208
25209
25211
25212
25214
25218
25219
25222
25225
25229
25231
25242
25243
25245
25246
25249
25251
25252
25255
25258
25260
25265
25266
25267
25269
25274
25278
25282
25283
25285
25286
25294
25299
25302
25306
25313
25319
25322
25324
25327
25328
25329
25340
25342
25344
25345
25353
25354
25355
25356
25359
25361
25362
25364
25375
25376
25382
25383
25386
25388
25390
25391
25394
25395
25396
25398
25407
25420
25423
25441
25445
25451
25453
25465
25491
25533
25541
25566
25577
25630
25649
25714
25717
25731
25736
25738
25761
25763
25764
25765
25768
25772
25773
25776
25779
25783
25791
25793
25800
25801
25803
25804
25814
25816
25824
25826
25827
25830
25833
25839
25843
25848
25849
25851
25854
25864
25867
25877
25879
25881
25885
25891
25893
25896
25902
25907
25908
25910
25911
25912
25913
25921
25923
25925
25934
25939
25942
25949
25951
25957
25966
25975
25977
25980
25982
25983
25984
25987
25988
25991
25996
26001
26013
26016
26042
26048
26050
26051
26052
26053
26055
26056
26058
26060
26061
26062
26069
26072
26075
26083
26084
26086
26093
26095
26099
26112
26118
26119
26122
26124
26125
26126
26128
26129
26130
26132
26137
26139
26142
26143
26144
26151
26152
26155
26160
26167
26168
26169
26172
26174
26175
26176
26180
26182
26188
26193
26197
26198
26204
26209
26215
26216
26218
26220
26223
26224
26226
26231
26235
26243
26244
26245
26247
26251
26255
26257
26263
26265
26277
26281
26284
26287
26290
26291
26292
26293
26301
26304
26308
26312
26313
26314
26318
26321
26322
26324
26329
26334
26336
26345
26347
26354
26357
26359
26362
26363
26367
26370
26373
26374
26377
26378
26395
26397
26402
26403
26414
26415
26417
26418
26424
26432
26433
26436
26440
26448
26449
26457
26459
26463
26465
26473
26479
26480
26485
26489
26495
26497
26498
26505
26514
26516
26519
26527
26531
26535
26536
26537
26544
26550
26556
26559
26560
26566
26569
26573
26582
26584
26585
26590
26592
26602
26610
26618
26623
26630
26662
26663
26683
26707
26766
26792
26794
26797
26801
26805
26808
26822
26826
26829
26830
26831
26832
26834
26838
26840
26853
26856
26860
26865
26866
26868
26872
26879
26898
26900
26901
26903
26910
26912
26913
26914
26917
26927
26939
26942
26948
26953
26959
26962
26963
26966
26967
26968
26969
26973
26994
26996
26999
27011
27015
27023
27026
27031
27035
27036
27041
27042
27044
27045
27047
27051
27053
27059
27060
27068
27075
27076
27083
27085
27118
27121
27122
27132
27136
27138
27149
27152
27155
27156
27161
27172
27178
27180
27181
27182
27186
27188
27192
27194
27199
27200
27203
27208
27210
27212
27215
27216
27219
27221
27223
27224
27232
27235
27236
27243
27244
27245
27246
27247
27250
27254
27255
27257
27261
27262
27268
27270
27274
27275
27281
27282
27283
27286
27287
27288
27290
27291
27295
27299
27306
27309
27312
27318
27319
27320
27321
27322
27324
27325
27326
27328
27329
27333
27335
27337
27338
27339
27340
27343
27347
27348
27353
27361
27363
27364
27371
27376
27379
27380
27384
27388
27389
27390
27391
27392
27398
27399
27402
27403
27404
27407
27416
27417
27418
27420
27421
27422
27423
27428
27429
27432
27436
27437
27441
27444
27447
27449
27454
27455
27456
27466
27468
27469
27470
27475
27477
27480
27482
27486
27490
27495
27496
27501
27503
27505
27509
27511
27517
27523
27529
27532
27534
27540
27545
27546
27549
27550
27551
27560
27563
27567
27570
27571
27573
27574
27581
27583
27584
27588
27589
27592
27597
27598
27607
27612
27615
27616
27617
27619
27620
27623
27629
27630
27633
27634
27635
27646
27652
27659
27661
27662
27665
27669
27670
27672
27675
27676
27685
27686
27687
27688
27689
27692
27698
27705
27707
27710
27716
27719
27733
27736
27738
27746
27757
27761
27775
27810
27823
27853
27875
27896
27932
27956
27966
27969
27970
27978
27981
28005
28008
28011
28013
28015
28016
28019
28021
28024
28027
28031
28032
28036
28038
28043
28047
28053
28054
28056
28057
28061
28071
28074
28076
28079
28095
28104
28105
28119
28123
28127
28128
28131
28132
28133
28134
28137
28139
28140
28141
28143
28144
28145
28146
28147
28148
28149
28150
28152
28153
28154
28156
28157
28160
28170
28172
28174
28182
28183
28184
28185
28191
28192
28194
28197
28202
28206
28210
28211
28214
28217
28227
28230
28232
28238
28242
28243
28246
28250
28253
28255
28264
28270
28272
28277
28335
28343
28344
28345
28348
28350
28353
28367
28374
28379
28381
28382
28385
28388
28389
28392
28395
28396
28401
28403
28418
28419
28420
28421
28425
28429
28431
28439
28440
28441
28442
28446
28450
28452
28460
28466
28468
28470
28473
28486
28488
28493
28497
28502
28503
28504
28506
28508
28510
28514
28515
28516
28518
28524
28532
28533
28537
28544
28548
28549
28550
28552
28553
28554
28555
28558
28560
28563
28569
28570
28572
28573
28574
28582
28587
28588
28589
28592
28596
28602
28603
28607
28609
28613
28615
28616
28617
28618
28619
28620
28621
28622
28624
28625
28626
28630
28631
28637
28638
28639
28640
28641
28642
28645
28647
28648
28651
28655
28656
28657
28658
28659
28660
28662
28663
28674
28677
28678
28680
28681
28683
28684
28685
28688
28691
28693
28695
28699
28700
28707
28710
28712
28714
28716
28720
28725
28727
28728
28731
28733
28735
28738
28746
28748
28749
28758
28762
28764
28768
28769
28771
28777
28785
28798
28800
28802
28816
28820
28821
28822
28823
28830
28831
28836
28838
28839
28841
28846
28851
28854
28856
28858
28859
28860
28861
28864
28877
28879
28880
28881
28892
28916
28917
28923
28931
28944
28970
29016
29022
29163
29170
29174
29175
29176
29180
29182
29183
29185
29192
29194
29197
29199
29200
29202
29209
29213
29214
29215
29217
29220
29221
29222
29226
29229
29231
29235
29236
29237
29238
29243
29244
29246
29249
29251
29252
29253
29255
29256
29260
29262
29263
29265
29269
29270
29273
29277
29280
29282
29283
29284
29286
29287
29288
29289
29292
29293
29300
29305
29307
29308
29309
29315
29318
29319
29321
29322
29324
29328
29329
29330
29332
29333
29335
29336
29337
29339
29341
29342
29343
29347
29352
29353
29354
29356
29358
29359
29360
29364
29365
29369
29371
29372
29373
29375
29377
29378
29380
29382
29384
29385
29386
29393
29401
29403
29404
29405
29406
29407
29410
29411
29414
29415
29422
29430
29433
29437
29438
29440
29450
29454
29467
29479
29489
29496
29498
29499
29500
29501
29502
29505
29507
29510
29512
29513
29515
29517
29519
29532
29533
29539
29540
29543
29545
29546
29547
29552
29554
29558
29560
29572
29573
29575
29578
29580
29583
29586
29588
29590
29591
29592
29596
29601
29602
29603
29604
29605
29606
29607
29608
29609
29611
29612
29613
29615
29616
29619
29621
29628
29632
29635
29636
29639
29640
29641
29642
29644
29646
29647
29648
29649
29651
29652
29658
29660
29662
29663
29664
29665
29666
29667
29670
29672
29673
29675
29680
29682
29688
29693
29694
29696
29697
29699
29700
29701
29704
29705
29707
29717
29718
29719
29721
29722
29723
29724
29726
29728
29729
29730
29732
29733
29738
29742
29743
29744
29745
29746
29748
29752
29755
29757
29765
29766
29767
29768
29769
29770
29772
29774
29776
29777
29779
29781
29782
29785
29786
29788
29793
29794
29795
29809
29811
29813
29814
29817
29820
29821
29825
29828
29832
29833
29834
29837
29839
29840
29858
29859
29860
29861
29866
29867
29870
29871
29874
29877
29878
29879
29880
29885
29886
29888
29890
29895
29896
29897
29898
29902
29907
29908
29915
29916
29917
29919
29921
29922
29923
29925
29926
29927
29928
29929
29930
29933
29936
29937
29942
29945
29948
29952
29967
29969
29971
29975
29976
29979
29982
29988
30005
30010
30012
30013
30014
30015
30020
30021
30031
30032
30042
30050
30058
30059
30062
30068
30071
30072
30099
30106
30192
30202
30285
30292
30300
30315
30321
30323
30326
30333
30335
30337
30339
30341
30343
30344
30345
30350
30351
30352
30355
30357
30358
30362
30364
30365
30367
30368
30369
30371
30372
30374
30375
30376
30380
30382
30385
30386
30388
30390
30394
30396
30398
30402
30403
30407
30408
30413
30414
30419
30420
30425
30428
30432
30434
30435
30441
30443
30445
30446
30448
30454
30458
30459
30460
30461
30463
30467
30469
30470
30471
30472
30473
30475
30476
30477
30478
30483
30484
30487
30491
30495
30500
30501
30512
30519
30528
30529
30531
30537
30538
30539
30548
30551
30553
30554
30562
30591
30593
30595
30603
30605
30608
30609
30610
30611
30612
30614
30615
30618
30619
30620
30622
30623
30624
30627
30629
30631
30634
30638
30639
30641
30644
30647
30651
30652
30653
30654
30655
30661
30662
30663
30665
30679
30681
30682
30688
30689
30691
30696
30698
30700
30701
30702
30704
30706
30708
30709
30711
30712
30713
30717
30720
30731
30735
30736
30741
30743
30744
30745
30746
30747
30749
30750
30751
30756
30758
30759
30762
30772
30773
30774
30775
30777
30778
30779
30780
30781
30783
30785
30786
30788
30789
30791
30792
30793
30794
30798
30801
30802
30803
30804
30807
30808
30816
30817
30823
30827
30829
30830
30832
30833
30834
30835
30836
30841
30843
30846
30850
30852
30857
30861
30869
30870
30871
30872
30875
30876
30877
30878
30881
30885
30888
30889
30890
30891
30897
30898
30902
30903
30905
30914
30915
30917
30918
30920
30921
30923
30925
30927
30928
30931
30933
30934
30936
30938
30940
30941
30943
30945
30946
30948
30949
30951
30952
30954
30955
30963
30964
30965
30967
30968
30970
30971
30972
30974
30976
30979
30980
30981
30984
30985
30987
30989
30990
30999
31001
31003
31005
31006
31008
31012
31015
31016
31021
31022
31024
31026
31031
31032
31044
31046
31047
31048
31052
31058
31064
31066
31068
31069
31070
31071
31073
31085
31089
31090
31097
31104
31110
31117
31119
31120
31123
31124
31125
31126
31127
31146
31160
31161
31170
31171
31222
31237
31289
31290
31308
31351
31381
31386
31389
31394
31395
31396
31397
31399
31400
31401
31403
31404
31418
31422
31423
31426
31453
31481
31487
31495
31496
31502
31503
31524
31530
31531
31532
31533
31539
31540
31541
31543
31563
31564
31570
31579
31593
31599
31611
31686
31693
31696
31701
31704
31708
31710
31716
31719
31721
31723
31724
31726
31727
31728
31731
31733
31734
31735
31736
31737
31738
31739
31740
31741
31744
31745
31747
31748
31753
31754
31759
31760
31763
31765
31771
31775
31780
31787
31789
31795
31797
31798
31799
31802
31804
31806
31807
31815
31819
31827
31835
31842
31843
31851
31853
31858
31860
31861
31869
31873
31875
31879
31880
31882
31890
31891
31892
31894
31895
31899
31905
31909
31910
31911
31913
31917
31918
31919
31925
31929
31933
31934
31936
31937
31938
31940
31946
31950
31954
31956
31957
31958
31959
31960
31961
31967
31972
31976
31981
31983
31989
31992
31994
31995
31996
31999
32000
32001
32002
32004
32005
32006
32007
32008
32009
32011
32012
32020
32021
32023
32027
32036
32037
32039
32042
32046
32048
32051
32057
32058
32064
32069
32097
32098
32103
32107
32152
32170
32186
32187
32192
32194
32195
32196
32199
32204
32207
32209
32212
32213
32214
32219
32221
32222
32228
32229
32230
32232
32234
32238
32239
32240
32245
32248
32251
32255
32256
32268
32271
32272
32273
32274
32280
32282
32284
32288
32290
32297
32301
32304
32305
32308
32310
32312
32316
32319
32322
32323
32324
32325
32333
32334
32335
32342
32344
32349
32352
32372
32373
32374
32389
32394
32397
32403
32411
32412
32422
32431
32437
32439
32443
32448
32471
32472
32475
32476
32478
32482
32487
32488
32491
32493
32495
32506
32508
32509
32511
32513
32516
32517
32518
32519
32521
32526
32528
32530
32537
32540
32542
32544
32546
32548
32551
32552
32554
32556
32559
32561
32562
32563
32564
32565
32566
32572
32576
32578
32582
32583
32587
32588
32589
32595
32596
32598
32599
32603
32605
32606
32607
32608
32610
32611
32614
32615
32616
32618
32628
32631
32633
32640
32642
32643
32646
32649
32650
32651
32652
32653
32655
32669
32670
32673
32677
32678
32680
32682
32685
32686
32687
32689
32691
32692
32696
32697
32700
32701
32706
32718
32719
32720
32721
32725
32727
32728
32729
32730
32731
32732
32736
32746
32747
32750
32752
32753
32765
32767
32768
32770
32773
32775
32780
32781
32783
32784
32785
32786
32787
32792
32793
32807
32809
32810
32812
32817
32818
32821
32824
32828
32835
32837
32838
32840
32841
32842
32843
32846
32848
32849
32850
32857
32863
32868
32870
32871
32874
32875
32876
32877
32879
32880
32881
32884
32887
32890
32891
32892
32894
32895
32896
32900
32905
32906
32908
32909
32911
32919
32921
32922
32930
32936
32945
32946
32950
32961
32991
33002
33051
33170
33180
33184
33194
33198
33201
33204
33207
33210
33212
33218
33232
33233
33234
33236
33241
33244
33245
33246
33249
33258
33265
33267
33270
33271
33275
33279
33281
33282
33284
33290
33294
33295
33296
33300
33303
33306
33307
33310
33312
33316
33323
33325
33327
33333
33337
33338
33341
33342
33348
33352
33353
33355
33358
33360
33363
33364
33366
33367
33369
33374
33377
33383
33387
33392
33396
33397
33400
33401
33402
33403
33405
33409
33415
33416
33417
33419
33420
33422
33424
33427
33431
33432
33436
33439
33440
33441
33445
33446
33447
33451
33458
33460
33467
33468
33470
33471
33474
33479
33482
33483
33484
33486
33489
33491
33492
33505
33509
33511
33518
33527
33530
33548
33559
33561
33566
33567
33568
33569
33571
33573
33577
33578
33579
33582
33586
33587
33589
33590
33596
33598
33599
33600
33601
33606
33620
33621
33622
33623
33624
33628
33629
33631
33632
33633
33634
33635
33637
33640
33642
33644
33646
33647
33649
33651
33654
33655
33657
33658
33659
33661
33665
33669
33670
33671
33679
33691
33698
33702
33704
33707
33708
33709
33711
33713
33714
33715
33716
33718
33724
33727
33730
33731
33732
33735
33744
33746
33749
33752
33754
33755
33756
33761
33767
33777
33779
33783
33794
33796
33797
33798
33802
33803
33809
33810
33812
33814
33815
33816
33819
33820
33821
33822
33824
33827
33829
33832
33835
33836
33837
33839
33845
33857
33858
33862
33865
33871
33874
33876
33877
33878
33882
33883
33889
33890
33895
33896
33905
33909
33910
33911
33914
33916
33917
33918
33919
33922
33923
33925
33927
33929
33941
33944
33950
33952
33953
33955
33956
33962
33965
33966
33969
33972
33973
33980
33985
33987
33991
33992
33993
33994
33996
33997
34002
34004
34006
34007
34012
34017
34019
34024
34028
34035
34042
34044
34049
34054
34055
34058
34067
34068
34071
34072
34073
34074
34079
34081
34083
34092
34094
34095
34096
34098
34104
34105
34109
34114
34118
34119
34125
34163
34167
34213
34351
34367
34369
34370
34371
34372
34373
34380
34382
34386
34390
34396
34397
34401
34404
34405
34408
34409
34410
34413
34415
34418
34420
34424
34425
34428
34429
34431
34432
34435
34436
34437
34439
34441
34443
34449
34450
34451
34453
34459
34460
34461
34463
34464
34465
34467
34469
34471
34476
34483
34485
34487
34488
34489
34491
34492
34495
34497
34499
34501
34503
34512
34513
34515
34516
34517
34518
34525
34527
34531
34534
34537
34539
34543
34550
34556
34558
34561
34568
34570
34573
34576
34579
34580
34582
34586
34596
34607
34609
34622
34623
34624
34625
34630
34631
34632
34633
34636
34638
34639
34642
34654
34655
34657
34658
34661
34668
34670
34682
34685
34707
34708
34715
34718
34733
34735
34738
34739
34740
34741
34749
34751
34759
34760
34761
34766
34769
34770
34771
34774
34782
34786
34803
34811
34812
34816
34817
34819
34820
34821
34824
34826
34828
34833
34836
34838
34840
34844
34845
34846
34849
34850
34852
34856
34861
34865
34867
34871
34875
34885
34886
34888
34890
34893
34895
34897
34901
34905
34906
34907
34909
34911
34919
34930
34933
34934
34944
34950
34953
34954
34958
34959
34960
34961
34964
34971
34974
34982
34984
34987
34988
34989
34990
34993
34995
34996
34998
34999
35000
35001
35002
35007
35008
35009
35012
35013
35016
35022
35024
35026
35027
35044
35046
35047
35050
35053
35054
35055
35061
35064
35065
35066
35068
35069
35070
35075
35077
35082
35085
35089
35091
35092
35093
35100
35101
35102
35103
35104
35107
35109
35110
35111
35113
35114
35115
35116
35118
35119
35123
35125
35129
35131
35135
35148
35149
35150
35151
35153
35155
35156
35157
35158
35160
35166
35167
35175
35179
35186
35194
35195
35204
35205
35210
35212
35213
35226
35228
35229
35230
35232
35234
35235
35236
35237
35246
35247
35250
35255
35256
35283
35285
35288
35291
35292
35294
35332
35339
35349
35355
35358
35367
35368
35371
35412
35415
35446
35455
35506
35516
35543
35571
35583
35642
35644
35663
35677
35687
35689
35696
35707
35710
35713
35720
35727
35728
35729
35731
35732
35736
35738
35748
35753
35759
35763
35765
35766
35767
35768
35769
35774
35782
35783
35784
35786
35792
35793
35801
35804
35807
35810
35813
35821
35822
35823
35825
35826
35829
35830
35836
35841
35842
35847
35863
35865
35871
35873
35874
35879
35880
35882
35884
35885
35888
35889
35896
35900
35906
35907
35908
35912
35914
35922
35923
35925
35950
35955
35958
35962
35976
35980
35990
36008
36014
36015
36023
36025
36031
36033
36035
36043
36045
36046
36047
36048
36051
36052
36055
36056
36061
36065
36067
36069
36070
36074
36080
36086
36087
36091
36099
36102
36104
36105
36106
36110
36115
36118
36119
36122
36127
36131
36132
36144
36146
36152
36155
36158
36161
36162
36166
36167
36170
36176
36182
36183
36191
36194
36197
36198
36202
36203
36205
36207
36209
36210
36213
36224
36226
36235
36241
36245
36246
36247
36249
36250
36256
36260
36261
36262
36263
36264
36273
36279
36282
36283
36287
36290
36300
36301
36303
36304
36306
36307
36310
36316
36318
36321
36322
36325
36326
36335
36337
36338
36339
36340
36341
36344
36353
36354
36355
36358
36359
36362
36367
36370
36372
36374
36376
36381
36382
36383
36384
36385
36386
36388
36389
36390
36398
36401
36404
36405
36408
36411
36412
36416
36420
36424
36427
36443
36444
36449
36453
36460
36467
36469
36472
36481
36482
36483
36485
36486
36491
36495
36499
36503
36517
36534
36535
36536
36538
36542
36549
36569
36584
36598
36652
36685
36795
36805
36829
36834
36837
36840
36841
36842
36849
36850
36851
36862
36865
36869
36873
36882
36883
36885
36886
36889
36895
36897
36898
36902
36905
36908
36909
36912
36913
36916
36920
36923
36927
36932
36933
36937
36941
36944
36945
36950
36951
36955
36957
36958
36959
36963
36967
36968
36970
36973
36974
36979
36980
36985
36986
36988
36993
37000
37001
37007
37012
37015
37021
37023
37026
37028
37041
37042
37047
37050
37056
37059
37060
37068
37083
37084
37089
37090
37102
37104
37107
37115
37116
37118
37120
37131
37134
37141
37146
37148
37150
37151
37153
37155
37163
37165
37167
37170
37172
37173
37174
37175
37177
37182
37185
37186
37187
37190
37193
37194
37195
37197
37199
37204
37205
37206
37209
37211
37228
37231
37235
37237
37238
37245
37246
37247
37249
37260
37263
37265
37266
37271
37275
37287
37289
37292
37293
37296
37297
37299
37306
37313
37315
37317
37320
37322
37330
37340
37341
37342
37343
37347
37348
37349
37353
37356
37361
37362
37363
37365
37366
37368
37369
37372
37377
37385
37387
37397
37398
37400
37402
37404
37405
37406
37407
37408
37410
37414
37421
37422
37423
37432
37433
37438
37439
37444
37445
37446
37448
37452
37457
37461
37464
37466
37469
37471
37472
37474
37476
37478
37479
37480
37483
37486
37489
37490
37492
37493
37497
37502
37513
37515
37521
37525
37526
37548
37551
37554
37560
37565
37569
37574
37580
37581
37590
37595
37597
37603
37611
37613
37615
37622
37623
37624
37627
37629
37631
37633
37637
37639
37642
37646
37656
37662
37670
37672
37673
37674
37676
37677
37694
37717
37744
37834
37945
37957
37961
37964
37981
37987
37991
37994
37996
37997
37998
37999
38000
38005
38006
38007
38009
38012
38015
38021
38028
38036
38047
38053
38054
38055
38057
38059
38061
38064
38069
38071
38072
38082
38086
38087
38089
38090
38096
38097
38106
38109
38111
38115
38117
38118
38125
38126
38127
38136
38146
38149
38150
38151
38153
38155
38158
38159
38162
38164
38165
38177
38180
38182
38183
38186
38192
38193
38194
38195
38238
38242
38245
38247
38249
38258
38261
38262
38264
38272
38281
38287
38290
38293
38296
38304
38307
38309
38311
38314
38318
38324
38330
38331
38333
38340
38360
38363
38365
38373
38376
38377
38378
38386
38387
38390
38397
38398
38399
38401
38402
38407
38412
38420
38421
38431
38432
38438
38440
38447
38448
38449
38450
38451
38455
38459
38461
38472
38478
38493
38496
38498
38499
38503
38505
38519
38522
38524
38532
38533
38535
38538
38541
38549
38559
38562
38564
38567
38577
38579
38580
38581
38586
38590
38591
38595
38603
38618
38619
38621
38622
38624
38633
38634
38637
38639
38643
38653
38654
38668
38669
38670
38672
38673
38677
38679
38685
38686
38687
38690
38694
38696
38704
38710
38711
38715
38717
38723
38724
38728
38731
38745
38746
38748
38752
38755
38771
38778
38779
38780
38783
38787
38791
38796
38798
38812
38821
38824
38836
38837
38841
38843
38849
38863
38867
38869
38872
38873
38879
38881
38882
38916
38918
38926
38944
38961
38972
39045
39067
39090
39189
39203
39236
39238
39240
39244
39251
39262
39264
39267
39281
39283
39287
39291
39292
39294
39310
39324
39326
39327
39338
39340
39345
39353
39357
39359
39360
39369
39371
39372
39377
39379
39381
39382
39383
39395
39403
39404
39406
39407
39413
39419
39420
39421
39422
39424
39427
39428
39431
39432
39445
39446
39449
39451
39455
39457
39468
39473
39474
39475
39477
39483
39493
39495
39503
39504
39508
39516
39522
39532
39538
39539
39540
39548
39553
39554
39558
39559
39568
39605
39612
39627
39645
39647
39657
39658
39659
39661
39666
39667
39668
39671
39673
39676
39677
39684
39694
39700
39705
39714
39717
39719
39720
39721
39725
39727
39728
39730
39731
39735
39740
39745
39747
39748
39749
39751
39753
39756
39761
39762
39785
39787
39792
39796
39798
39800
39806
39812
39829
39831
39833
39837
39841
39842
39844
39848
39851
39852
39865
39871
39874
39875
39878
39882
39890
39898
39905
39911
39917
39918
39920
39926
39927
39930
39931
39936
39942
39965
39966
39967
39972
39973
39974
39975
39978
39981
39982
39987
39990
39991
40005
40009
40010
40011
40012
40017
40020
40021
40023
40025
40026
40028
40029
40032
40035
40038
40051
40058
40059
40067
40074
40076
40078
40080
40082
40086
40088
40089
40093
40115
40118
40121
40126
40128
40134
40147
40158
40160
40161
40168
40169
40170
40174
40177
40180
40181
40184
40191
40206
40211
40217
40220
40222
40225
40231
40238
40240
40242
40273
40275
40277
40279
40304
40318
40325
40327
40341
40375
40385
40397
40600
40619
40637
40651
40661
40671
40675
40687
40693
40901
40963
41131
41173
41196
41232
41246
41247
41250
41254
41255
41296
41360
41365
41417
41467
41495
41602
41798
41814
41835
41986
41990
41998
42015
42020
42028
42030
42032
42034
42040
42046
42051
42061
42071
42093
42107
42108
42114
42125
42164
42176
42178
42190
42191
42197
42227
42231
42237
42239
42241
42242
42276
42278
42279
42303
42322
42348
42357
42389
42399
42401
42404
42435
42439
42442
42471
42484
42485
42513
42566
42574
42832
42845
42855
42861
42863
42866
42916
42924
42946
44133
46200
46209
46215
46274
46338
46399
46447
46491
46521
46641
46702
46725
46801
46859
46874
46936
46938
46944
46965
46967
46975
46978
46981
46988
46990
46995
47000
47001
47005
47009
47012
47018
47021
47028
47029
47031
47033
47035
47038
47041
47053
47059
47062
47063
47066
47071
47072
47098
47100
47101
47104
47105
47109
47113
47116
47118
47135
47139
47141
47146
47150
47151
47152
47154
47156
47161
47167
47168
47173
47187
47195
47196
47199
47201
47205
47206
47212
47215
47216
47220
47221
47227
47235
47241
47243
47248
47254
47256
47261
47263
47315
47323
47324
47332
47338
47339
47342
47343
47346
47352
47353
47354
47358
47361
47363
47367
47368
47374
47378
47379
47380
47382
47383
47384
47389
47390
47394
47402
47411
47414
47425
47434
47438
47442
47443
47450
47451
47453
47455
47461
47462
47466
47469
47484
47485
47486
47487
47490
47495
47497
47500
47505
47507
47515
47517
47518
47523
47524
47528
47532
47534
47537
47547
47549
47551
47552
47558
47561
47566
47567
47570
47572
47574
47575
47580
47582
47583
47588
47595
47597
47599
47602
47603
47604
47605
47606
47609
47613
47616
47622
47625
47626
47629
47634
47635
47638
47639
47643
47649
47652
47657
47660
47663
47667
47668
47671
47673
47674
47686
47705
47709
47712
47714
47715
47717
47718
47730
47734
47739
47741
47743
47744
47746
47750
47753
47755
47759
47761
47763
47765
47766
47767
47769
47772
47773
47779
47783
47785
47791
47797
47805
47808
47812
47814
47815
47820
47839
47842
47843
47847
47848
47851
47856
47857
47858
47872
47882
47884
47889
47893
47897
47903
47909
47912
47913
47917
47936
47940
47941
47947
47949
47958
47962
47974
47995
48006
48020
48022
48084
48165
48326
48330
48341
48347
48352
48355
48357
48360
48361
48367
48370
48373
48375
48377
48378
48382
48383
48384
48385
48386
48389
48391
48396
48397
48398
48407
48409
48418
48421
48422
48446
48449
48451
48452
48457
48461
48463
48477
48479
48481
48485
48486
48489
48490
48491
48493
48494
48496
48497
48499
48504
48511
48513
48517
48520
48526
48530
48535
48539
48542
48544
48549
48552
48556
48559
48562
48564
48573
48580
48581
48587
48591
48595
48602
48608
48610
48616
48617
48619
48621
48622
48623
48624
48626
48629
48630
48632
48633
48640
48646
48648
48649
48651
48655
48656
48657
48660
48666
48667
48670
48674
48675
48685
48732
48753
48758
48763
48767
48768
48774
48781
48791
48792
48797
48808
48809
48812
48813
48818
48825
48826
48834
48836
48838
48839
48841
48847
48854
48857
48859
48863
48864
48886
48893
48896
48900
48921
48922
48927
48929
48932
48933
48939
48940
48942
48944
48945
48953
48956
48957
48982
48996
48999
49000
49002
49010
49015
49016
49021
49025
49031
49052
49055
49057
49063
49064
49065
49068
49072
49074
49076
49077
49078
49080
49090
49103
49104
49105
49106
49107
49108
49110
49111
49123
49134
49135
49139
49142
49143
49146
49147
49156
49157
49162
49166
49170
49174
49175
49176
49188
49195
49197
49198
49202
49214
49217
49223
49225
49231
49237
49240
49241
49242
49246
49257
49259
49271
49273
49280
49284
49291
49293
49297
49307
49308
49311
49319
49324
49328
49339
49341
49345
49351
49352
49354
49356
49357
49359
49364
49371
49374
49377
49378
49379
49382
49393
49396
49415
49419
49422
49423
49433
49447
49449
49451
49455
49468
49489
49504
49523
49525
49566
49600
49620
49624
49636
49658
49734
49737
49743
49744
49751
49752
49755
49757
49760
49761
49762
49767
49768
49769
49774
49775
49776
49778
49779
49781
49789
49790
49791
49794
49796
49800
49803
49804
49809
49817
49822
49823
49826
49831
49833
49834
49845
49852
49855
49860
49861
49870
49878
49880
49882
49883
49884
49886
49888
49893
49895
49897
49898
49915
49918
49923
49924
49925
49927
49929
49937
49941
49944
49950
49951
49952
49953
49955
49957
49959
49960
49961
49962
49963
49964
49969
49971
49973
49975
49976
49979
49980
49985
49988
49994
49996
49997
49998
50002
50004
50005
50010
50014
50015
50023
50024
50028
50030
50033
50041
50043
50046
50048
50052
50059
50064
50066
50070
50072
50094
50115
50119
50126
50136
50142
50143
50145
50162
50165
50172
50174
50176
50180
50181
50183
50184
50194
50201
50218
50219
50222
50226
50228
50232
50233
50234
50235
50241
50242
50248
50249
50253
50254
50283
50285
50287
50288
50293
50294
50296
50304
50305
50311
50317
50318
50319
50325
50340
50343
50346
50347
50351
50353
50354
50361
50370
50374
50378
50380
50382
50383
50385
50386
50393
50394
50399
50400
50401
50403
50404
50405
50408
50411
50413
50414
50415
50417
50419
50425
50426
50428
50434
50435
50436
50437
50439
50440
50441
50449
50451
50454
50456
50460
50461
50462
50463
50476
50482
50492
50494
50495
50498
50504
50511
50512
50514
50518
50519
50529
50548
50556
50558
50563
50577
50578
50583
50584
50592
50594
50596
50601
50605
50611
50612
50613
50615
50620
50628
50632
50636
50637
50639
50641
50645
50647
50649
50650
50651
50653
50665
50666
50685
50686
50691
50692
50696
50700
50709
50718
50719
50721
50722
50724
50726
50733
50734
50771
50790
50980
50990
50992
51005
51008
51015
51016
51017
51023
51028
51033
51044
51045
51049
51056
51057
51060
51062
51063
51066
51067
51074
51076
51079
51083
51085
51087
51096
51098
51100
51111
51122
51141
51179
51182
51183
51184
51186
51194
51198
51200
51203
51204
51205
51208
51210
51211
51214
51225
51226
51236
51238
51239
51240
51246
51247
51248
51249
51253
51258
51259
51261
51266
51268
51274
51275
51287
51289
51294
51299
51303
51304
51306
51320
51321
51327
51330
51332
51371
51372
51375
51386
51391
51393
51396
51399
51410
51414
51418
51421
51422
51423
51430
51434
51435
51439
51440
51442
51444
51446
51453
51471
51478
51479
51483
51484
51485
51493
51499
51501
51504
51505
51506
51509
51514
51515
51517
51518
51523
51524
51526
51544
51546
51548
51550
51551
51552
51556
51559
51561
51562
51563
51565
51575
51576
51581
51582
51583
51584
51598
51599
51603
51604
51608
51620
51625
51628
51631
51632
51635
51651
51652
51653
51654
51656
51657
51658
51662
51668
51670
51675
51685
51687
51689
51696
51700
51702
51707
51708
51716
51720
51721
51722
51731
51734
51737
51738
51739
51740
51745
51748
51750
51756
51757
51758
51762
51763
51765
51768
51770
51772
51773
51774
51786
51789
51791
51792
51796
51799
51804
51808
51809
51812
51813
51817
51824
51825
51828
51836
51839
51840
51842
51843
51844
51849
51850
51851
51854
51856
51858
51863
51864
51865
51866
51867
51873
51878
51884
51886
51888
51889
51894
51897
51902
51905
51918
51922
51925
51935
51941
51943
51949
51961
51974
51975
51976
51980
51984
51989
52003
52009
52014
52017
52019
52033
52034
52048
52051
52073
52083
52108
52131
52160
52172
52184
52211
52315
52328
52330
52342
52343
52346
52354
52362
52368
52380
52398
52400
52404
52406
52413
52419
52424
52433
52435
52440
52459
52464
52465
52472
52476
52483
52485
52487
52499
52504
52510
52511
52514
52521
52540
52542
52546
52553
52563
52569
52574
52579
52582
52587
52590
52594
52600
52609
52610
52611
52614
52616
52626
52633
52637
52639
52645
52650
52652
52661
52667
52669
52671
52674
52680
52682
52689
52693
52703
52706
52713
52722
52729
52736
52737
52750
52759
52766
52771
52779
52792
52805
52806
52807
52825
52833
52834
52844
52846
52848
52849
52851
52853
52857
52872
52873
52879
52884
52891
52898
52900
52904
52906
52907
52914
52915
52919
52931
52934
52942
52951
52957
52969
52974
52977
52979
52983
52987
52991
52992
52993
53015
53016
53019
53023
53026
53029
53031
53032
53040
53042
53044
53045
53047
53050
53051
53052
53054
53057
53063
53064
53067
53068
53073
53078
53081
53089
53090
53098
53115
53130
53133
53145
53147
53149
53176
53177
53182
53189
53191
53192
53197
53199
53208
53209
53210
53211
53234
53250
53252
53253
53258
53260
53262
53263
53270
53275
53278
53294
53302
53304
53305
53315
53316
53329
53330
53339
53340
53346
53348
53355
53379
53383
53384
53395
53405
53409
53412
53416
53441
53449
53466
53493
53495
53541
53686
53752
53801
53812
53819
53828
53831
53835
53837
53842
53843
53849
53855
53857
53863
53872
53873
53875
53879
53881
53884
53889
53892
53895
53896
53898
53903
53907
53908
53910
53916
53920
53922
53926
53927
53934
53935
53944
53952
53953
53958
53973
53981
53996
54003
54006
54011
54028
54039
54041
54053
54060
54061
54068
54071
54077
54095
54097
54110
54115
54120
54125
54128
54163
54174
54176
54178
54184
54190
54192
54193
54195
54201
54202
54211
54212
54222
54223
54227
54234
54260
54278
54279
54283
54292
54294
54298
54318
54322
54333
54334
54349
54352
54353
54356
54364
54365
54372
54377
54380
54392
54393
54395
54396
54398
54403
54404
54405
54408
54413
54428
54429
54436
54454
54456
54457
54458
54463
54464
54466
54467
54474
54499
54502
54504
54505
54510
54516
54525
54557
54561
54564
54567
54569
54573
54574
54577
54582
54585
54587
54615
54619
54620
54622
54625
54630
54641
54648
54665
54669
54678
54685
54689
54702
54705
54707
54722
54750
54754
54786
54787
54810
54831
54876
54880
54887
54896
54909
54912
54928
55037
55041
55051
55112
55114
55117
55118
55120
55134
55137
55139
55140
55141
55146
55148
55153
55155
55163
55164
55167
55171
55172
55175
55181
55184
55185
55189
55190
55191
55195
55196
55198
55201
55203
55204
55206
55207
55208
55209
55219
55221
55222
55229
55230
55237
55238
55242
55243
55247
55251
55255
55264
55270
55271
55278
55280
55282
55283
55286
55289
55291
55298
55301
55304
55305
55310
55315
55316
55317
55318
55319
55321
55322
55325
55327
55330
55333
55334
55337
55339
55344
55346
55349
55350
55354
55359
55363
55365
55366
55369
55373
55375
55376
55378
55379
55384
55399
55405
55415
55449
55451
55452
55454
55455
55458
55459
55460
55461
55462
55465
55466
55467
55468
55476
55477
55479
55481
55483
55484
55486
55488
55490
55492
55493
55494
55495
55499
55500
55504
55505
55510
55512
55515
55517
55518
55520
55521
55527
55545
55546
55552
55554
55555
55557
55558
55562
55571
55574
55575
55578
55579
55580
55581
55584
55587
55594
55597
55602
55603
55607
55615
55617
55619
55621
55629
55633
55639
55642
55645
55648
55657
55661
55663
55667
55668
55675
55677
55678
55679
55680
55685
55691
55695
55696
55699
55700
55701
55702
55711
55712
55714
55715
55718
55732
55733
55734
55737
55738
55740
55741
55742
55744
55753
55754
55758
55763
55766
55767
55772
55774
55775
55780
55781
55786
55788
55792
55794
55795
55796
55804
55805
55807
55808
55810
55813
55814
55818
55825
55829
55836
55842
55843
55845
55846
55847
55849
55850
55851
55854
55858
55860
55861
55863
55864
55866
55868
55869
55881
55883
55884
55885
55886
55890
55891
55918
55922
55933
55990
56021
56166
56172
56176
56183
56187
56189
56192
56194
56200
56215
56217
56222
56223
56224
56226
56230
56232
56236
56244
56248
56252
56256
56259
56262
56263
56267
56271
56274
56284
56286
56307
56310
56312
56313
56318
56321
56324
56325
56329
56331
56332
56341
56344
56348
56349
56350
56353
56354
56360
56361
56372
56374
56378
56379
56381
56386
56397
56404
56405
56407
56413
56423
56433
56434
56443
56444
56448
56452
56453
56454
56459
56460
56470
56473
56476
56478
56482
56491
56492
56497
56499
56501
56502
56509
56518
56519
56524
56526
56528
56530
56533
56542
56548
56558
56571
56575
56615
56713
56725
56730
56732
56733
56739
56751
56753
56756
56769
56771
56775
56776
56777
56784
56796
56797
56798
56801
56809
56812
56819
56821
56835
56850
56862
56863
56881
56912
56913
56915
56916
56938
56971
56983
56990
56998
57001
57004
57009
57010
57015
57022
57024
57026
57029
57030
57031
57033
57036
57038
57039
57043
57044
57047
57052
57058
57063
57066
57073
57074
57083
57084
57085
57092
57093
57097
57102
57107
57112
57114
57116
57129
57130
57132
57136
57137
57141
57142
57145
57146
57151
57152
57166
57167
57169
57170
57171
57175
57186
57192
57196
57198
57201
57204
57211
57214
57216
57218
57234
57237
57240
57243
57246
57273
57283
57290
57291
57293
57304
57307
57308
57309
57314
57316
57317
57318
57320
57331
57332
57333
57335
57336
57339
57340
57345
57346
57348
57351
57357
57360
57361
57362
57365
57368
57375
57376
57388
57395
57398
57402
57405
57408
57413
57415
57416
57417
57419
57423
57430
57439
57440
57450
57451
57454
57460
57461
57465
57466
57468
57483
57487
57488
57489
57490
57494
57497
57499
57502
57505
57506
57507
57509
57512
57514
57518
57531
57532
57533
57535
57536
57537
57546
57547
57552
57553
57557
57558
57560
57561
57567
57570
57590
57591
57597
57598
57599
57600
57601
57606
57611
57615
57617
57625
57629
57631
57640
57644
57646
57647
57650
57655
57658
57660
57675
57676
57678
57679
57682
57683
57684
57686
57689
57690
57691
57692
57696
57698
57702
57706
57725
57728
57729
57732
57734
57737
57740
57741
57742
57743
57745
57749
57752
57753
57755
57767
57775
57778
57783
57795
57816
57822
57829
57832
57838
57839
57841
57850
57874
57891
57904
57906
57947
58019
58036
58075
58080
58087
58088
58108
58129
58132
58142
58149
58152
58153
58161
58165
58202
58219
58234
58239
58240
58241
58243
58279
58280
58293
58303
58343
58397
58400
58437
58444
58448
58507
58511
58513
58528
58529
58532
58548
58579
58581
58593
58637
58639
58641
58650
58651
58653
58656
58658
58662
58665
58667
58691
58696
58699
58707
58727
58737
58774
58783
58845
58849
58904
58943
58945
58992
59105
59259
59279
59521
59528
59532
59543
59546
59552
59567
59580
59584
59601
59608
59611
59618
59629
59631
59636
59670
59678
59680
59682
59697
59703
59760
59767
59773
59805
59810
59819
59821
59839
59840
59846
59849
59859
59907
59916
59929
59932
59936
59938
59988
59997
60037
60042
60065
60068
60079
60082
60125
60127
60135
60147
60172
60186
60200
60204
60216
60226
60240
60245
60247
60262
60267
60271
60272
60274
60466
60620
60635
60665
60669
60684
60685
60690
60703
60704
60705
60726
60727
60740
60742
60746
60749
60754
60755
60757
60760
60775
60777
60784
60789
60792
60799
60800
60802
60804
60806
60810
60813
60816
60819
60820
60825
60828
60831
60838
60847
60851
60857
60858
60867
60868
60872
60875
60876
60877
60882
60893
60896
60897
60900
60912
60913
60923
60924
60927
60928
60934
60936
60939
60940
60944
60946
60947
60949
60950
60953
60954
60958
60959
60965
60966
60969
60970
60980
61010
61016
61027
61034
61040
61050
61053
61055
61067
61084
61085
61090
61107
61111
61113
61116
61120
61123
61135
61140
61141
61145
61160
61167
61176
61184
61187
61189
61190
61193
61203
61206
61210
61222
61227
61229
61235
61237
61246
61251
61254
61256
61257
61270
61271
61273
61276
61281
61293
61294
61295
61297
61305
61312
61321
61322
61324
61329
61335
61336
61338
61340
61345
61352
61363
61368
61370
61377
61383
61384
61385
61393
61396
61398
61399
61414
61416
61433
61434
61436
61439
61441
61444
61450
61453
61456
61458
61468
61474
61475
61477
61483
61484
61486
61490
61493
61495
61510
61519
61526
61546
61549
61551
61561
61566
61574
61576
61578
61579
61618
61630
61637
61639
61648
61666
61684
61685
61698
61734
61735
61766
61890
61913
61914
61935
61952
61956
61970
61975
61976
61980
61982
61992
62003
62005
62007
62009
62022
62025
62030
62039
62046
62052
62059
62060
62061
62062
62066
62067
62068
62072
62079
62088
62089
62095
62098
62107
62109
62110
62111
62114
62115
62139
62140
62141
62145
62161
62166
62169
62172
62175
62181
62185
62196
62197
62202
62205
62207
62208
62232
62242
62246
62264
62279
62282
62307
62318
62337
62354
62362
62368
62371
62378
62384
62388
62389
62390
62391
62397
62402
62405
62411
62425
62432
62433
62440
62443
62450
62456
62465
62475
62483
62499
62523
62524
62526
62527
62531
62532
62534
62535
62537
62539
62543
62545
62549
62553
62557
62581
62583
62585
62586
62587
62590
62633
62635
62642
62645
62650
62651
62654
62658
62661
62679
62684
62691
62696
62699
62710
62720
62732
62739
62750
62757
62758
62767
62781
62782
62789
62790
62791
62792
62796
62798
62799
62802
62809
62818
62840
62844
62846
62851
62852
62854
62863
62864
62873
62899
62901
62915
62925
62928
62957
62961
62972
62976
62984
62996
63067
63094
63099
63242
63343
63380
63391
63400
63414
63417
63419
63433
63459
63461
63463
63503
63510
63519
63546
63551
63560
63565
63569
63584
63599
63619
63644
63645
63648
63670
63675
63677
63678
63688
63708
63766
63769
63782
63797
63841
63855
63867
63872
63905
63920
63940
63949
63952
63954
63965
63970
63986
64038
64041
64044
64080
64092
64114
64133
64144
64173
64179
64199
64204
64205
64237
64274
64327
64347
64433
64695
64745
64755
64815
64841
64861
64945
64972
65030
65094
65117
65283
65296
65399
65458
65501
67790
70243
71341
71706
71720
71722
71736
72651
72754
72755
72779
72811
72824
72828
72896
72924
73232
73255
73374
74460
74479
74593
74626
74656
74680
74959
75168
75197
75206
75223
75224
75225
75226
75227
75232
75233
75240
75242
75245
75246
75273
75294
75295
75297
75299
75306
75333
75336
75340
75359
75360
75362
75366
75388
75409
75412
75417
75443
75578
75942
76568
80308
85468
