6445
6446
6455
6465
6466
6475
6480
6482
6489
6490
6494
6495
6506
6511
6516
6518
6521
6522
6523
6526
6528
6532
6540
6543
6544
6548
6555
6571
6585
6638
6639
6642
6643
6645
6646
6652
6661
6663
6667
6670
6679
6682
6685
6689
6700
6703
6705
6707
6717
6721
6723
6724
6742
6743
6752
6754
6756
6758
6778
6779
6796
6797
6798
6800
6817
6818
6831
6878
6896
6927
6928
6932
6933
6942
6946
6950
6955
6956
6971
6975
6977
6979
6982
6992
6993
6996
7005
7006
7011
7012
7016
7022
7024
7025
7028
7031
7033
7034
7037
7041
7045
7052
7053
7054
7063
7064
7067
7068
7072
7074
7081
7082
7083
7084
7085
7090
7091
7102
7107
7108
7115
7126
7134
7138
7140
7141
7142
7145
7151
7153
7155
7157
7159
7161
7162
7173
7177
7179
7186
7191
7193
7194
7196
7198
7202
7203
7204
7206
7207
7209
7212
7213
7216
7219
7222
7223
7228
7231
7238
7242
7244
7245
7249
7252
7253
7254
7258
7262
7263
7266
7271
7272
7273
7276
7280
7281
7282
7284
7286
7287
7289
7292
7293
7294
7299
7303
7304
7307
7311
7346
7406
7408
7414
7418
7421
7422
7423
7424
7430
7431
7433
7446
7461
7473
7479
7482
7485
7487
7488
7492
7900
7901
7906
7915
7921
7926
7930
7984
8024
8038
8048
8090
8151
8156
8160
8161
8164
8170
8224
8228
8236
8245
8248
8249
8253
8256
8261
8280
8282
8284
8286
8289
8294
8309
8312
8324
8325
8337
8339
8340
8343
8349
8352
8353
8354
8356
8358
8361
8362
8367
8368
8372
8378
8385
8388
8389
8402
8404
8412
8420
8422
8423
8425
8426
8431
8444
8446
8447
8467
8468
8478
8482
8484
8488
8489
8496
8499
8506
8508
8509
8516
8519
8520
8524
8531
8532
8538
8539
8540
8541
8548
8549
8560
8562
8576
8577
8586
8601
8602
8603
8611
8617
8618
8621
8636
8639
8640
8642
8643
8658
8663
8664
8666
8667
8669
8699
8704
8750
8853
8861
8862
8865
8875
8880
8882
8883
8890
8891
8896
8897
8900
8901
8909
8914
8919
8924
8928
8931
8946
8947
8968
8972
8976
8977
8980
8981
8988
8992
8998
9000
9002
9003
9006
9013
9014
9015
9016
9018
9020
9021
9022
9027
9028
9039
9050
9052
9054
9059
9063
9066
9073
9075
9085
9093
9096
9098
9099
9103
9105
9106
9107
9108
9119
9126
9131
9134
9135
9137
9146
9152
9154
9155
9158
9162
9164
9179
9183
9185
9191
9192
9193
9196
9197
9198
9203
9205
9207
9211
9213
9214
9220
9223
9227
9231
9234
9238
9244
9246
9255
9267
9269
9271
9275
9276
9277
9285
9287
9289
9291
9293
9301
9312
9317
9320
9324
9328
9330
9331
9334
9336
9338
9340
9351
9354
9357
9360
9361
9362
9363
9375
9381
9382
9383
9386
9392
9393
9487
9495
9498
9499
9505
9506
9507
9508
9514
9516
9517
9519
9536
9537
9541
9543
9544
9548
9551
9553
9554
9563
9565
9570
9571
9572
9573
9598
9603
9627
9718
9721
9726
9737
9744
9762
9763
9765
9766
9788
9800
9801
9802
9805
9806
9807
9809
9811
9813
9842
9844
9848
9851
9867
9870
9871
9873
9874
9883
9904
9906
9908
9909
9911
9913
9918
9919
9934
9938
9942
9944
9945
9949
9973
9974
9977
10010
10012
10013
10016
10040
10041
10046
10059
12316
14529
15088
15146
15207
15213
15237
15280
15305
15331
15351
15364
15411
15433
15452
15490
15545
15571
15794
15814
15821
15843
15886
15923
15951
15970
15986
15995
16012
16024
16052
16094
16102
16104
16114
16131
16133
16155
16160
16182
16183
16185
16192
16218
16222
16228
16246
16251
16262
16292
16351
16524
16535
16536
16542
16548
16565
16567
16568
16573
16578
16579
16584
16589
16611
16633
16638
16640
16649
16651
16664
16667
16688
16720
16735
16749
16757
16769
16800
16803
16810
16816
16833
16842
16851
16858
16923
16930
16934
16972
16974
16975
16984
17004
17014
17017
17026
17032
17047
17051
17060
17070
17108
17118
17131
17143
17146
17152
17158
17170
17174
17181
17184
17190
17193
17228
17251
17431
17432
17433
17435
17440
17443
17449
17450
17459
17460
17463
17465
17469
17474
17476
17479
17497
17501
17511
17513
17515
17518
17524
17525
17527
17530
17536
17538
17539
17544
17555
17571
17581
17591
17596
17606
17618
17619
17629
17636
17638
17640
17641
17652
17657
17658
17660
17662
17675
17701
17702
17705
17708
17709
17711
17714
17716
17717
17721
17728
17732
17735
17743
17745
17748
17751
17758
17759
17766
17767
17776
17778
17779
17780
17782
17785
17787
17790
17792
17797
17800
17801
17809
17812
17814
17819
17820
17830
17836
17846
17848
17854
17855
17856
17857
17861
17865
17886
17891
17893
17897
17905
17909
17919
17920
17921
17922
17923
17928
17930
17932
17942
17955
17956
17958
17960
17961
17962
17963
17966
17967
17970
17971
17990
17992
17997
18000
18001
18005
18011
18020
18024
18025
18028
18039
18046
18047
18051
18055
18057
18076
18079
18177
18213
18256
18260
18262
18267
18269
18273
18277
18279
18280
18287
18290
18299
18301
18307
18310
18312
18313
18316
18328
18331
18334
18337
18338
18340
18342
18347
18352
18358
18361
18368
18370
18371
18372
18377
18379
18392
18399
18403
18404
18411
18412
18421
18423
18424
18428
18430
18435
18437
18440
18443
18445
18449
18451
18453
18462
18464
18470
18476
18477
18481
18484
18501
18506
18509
18520
18521
18524
18525
18529
18544
18547
18548
18556
18557
18560
18564
18567
18572
18573
18577
18583
18585
18595
18596
18601
18604
18605
18610
18616
18617
18621
18624
18625
18629
18632
18635
18636
18637
18640
18643
18646
18652
18653
18654
18664
18665
18671
18672
18675
18678
18680
18682
18686
18697
18706
18708
18711
18713
18716
18718
18719
18726
18727
18736
18737
18738
18741
18748
18753
18755
18758
18761
18763
18765
18770
18771
18774
18776
18778
18779
18781
18784
18785
18795
18799
18803
18805
18808
18810
18819
18825
18826
18827
18828
18829
18833
18837
18844
18857
18859
18863
18988
19004
19006
19007
19008
19013
19014
19015
19016
19017
19019
19022
19026
19031
19033
19034
19036
19038
19039
19041
19042
19043
19045
19048
19049
19062
19063
19065
19069
19074
19078
19079
19081
19085
19089
19090
19098
19101
19102
19106
19111
19116
19117
19119
19121
19131
19136
19137
19140
19143
19145
19149
19151
19152
19154
19159
19161
19162
19164
19165
19184
19200
19201
19207
19208
19211
19213
19214
19216
19228
19229
19233
19234
19235
19236
19238
19240
19241
19242
19245
19247
19254
19256
19258
19264
19266
19269
19270
19281
19282
19284
19286
19287
19288
19289
19290
19291
19292
19298
19299
19308
19309
19310
19311
19312
19316
19318
19319
19321
19322
19324
19325
19333
19338
19339
19342
19350
19352
19353
19354
19355
19357
19358
19359
19360
19365
19368
19372
19373
19374
19375
19376
19377
19379
19381
19383
19384
19387
19394
19395
19397
19403
19405
19406
19411
19422
19430
19431
19432
19435
19437
19438
19440
19443
19446
19447
19448
19450
19451
19454
19455
19457
19458
19460
19462
19463
19468
19472
19484
19492
19496
19499
19500
19501
19525
19831
19836
19837
19839
19840
19844
19846
19852
19853
19856
19860
19862
19868
19871
19886
19887
19888
19889
19890
19891
19900
19902
19905
19908
19911
19914
19951
19953
19954
19956
19961
19962
19963
20000
20001
20002
20003
20025
20029
20030
20031
20077
20078
20080
20081
20082
20083
20086
20112
20113
20146
20148
20150
20196
20199
20232
20233
20237
20238
20240
20280
20322
20327
20353
20386
20978
21563
21629
21635
21636
21637
21638
21639
21642
21646
21648
21652
21653
21654
21660
21661
21666
21671
21675
21678
21684
21688
21689
21690
21697
21702
21703
21704
21706
21711
21712
21713
21719
21720
21750
21753
21755
21759
21764
21788
21824
21827
21862
21863
21891
21893
21894
21896
21936
21970
21975
21984
22004
22005
22011
22012
22046
22047
22048
22049
22052
22056
22089
22090
22305
22309
22312
22314
22316
22317
22318
22319
22320
22325
22326
22327
22328
22330
22332
22335
22336
22339
22344
22345
22347
22348
22350
22356
22363
22369
22373
22378
22379
22381
22382
22385
22386
22389
22397
22405
22407
22408
22409
22415
22419
22422
22431
22436
22438
22442
22444
22449
22451
22456
22459
22467
22475
22479
22486
22488
22490
22492
22497
22503
22504
22505
22506
22507
22508
22511
22519
22524
22525
22530
22531
22532
22533
22535
22536
22537
22539
22540
22542
22543
22547
22548
22549
22551
22552
22557
22561
22562
22563
22568
22570
22577
22578
22580
22584
22585
22586
22587
22588
22595
22597
22599
22602
22604
22607
22611
22612
22613
22615
22620
22621
22627
22628
22641
22642
22643
22644
22646
22647
22650
22651
22653
22655
22657
22659
22660
22667
22669
22671
22673
22674
22680
22683
22684
22685
22686
22687
22690
22696
22698
22699
22701
22704
22705
22706
22710
22712
22713
22717
22727
22728
22733
22736
22742
22744
22746
22751
22753
22756
22758
22765
22769
22776
22777
22780
22781
22783
22786
22788
22799
22810
22816
22936
22942
22944
22946
22948
22950
22952
22954
22956
22958
22959
22967
22968
22971
22972
22974
22978
22979
22984
22988
22991
22992
22993
22994
22995
22996
22998
22999
23000
23013
23029
23030
23032
23034
23038
23039
23041
23048
23050
23051
23055
23058
23062
23067
23069
23072
23075
23077
23078
23079
23082
23091
23100
23104
23105
23109
23111
23114
23115
23118
23120
23123
23128
23129
23131
23132
23145
23153
23154
23167
23169
23170
23171
23174
23183
23185
23187
23188
23190
23191
23192
23193
23201
23202
23207
23208
23210
23211
23212
23213
23214
23219
23226
23227
23228
23229
23233
23235
23238
23240
23245
23246
23248
23249
23250
23251
23259
23260
23267
23272
23274
23286
23291
23297
23298
23301
23305
23306
23308
23309
23312
23313
23314
23324
23327
23329
23332
23337
23340
23343
23344
23346
23348
23349
23350
23354
23362
23364
23365
23366
23367
23368
23369
23371
23373
23374
23376
23380
23384
23396
23397
23398
23400
23401
23402
23406
23412
23413
23414
23419
23422
23423
23424
23425
23428
23430
23436
23437
23438
23439
23441
23442
23446
23452
23455
23457
23462
23464
23467
23468
23470
23471
23474
23475
23478
23480
23482
23483
23484
23486
23487
23488
23489
23491
23492
23495
23501
23502
23503
23506
23507
23512
23514
23526
23528
23534
23538
23539
23676
23678
23679
23680
23688
23692
23697
23701
23705
23709
23714
23715
23722
23725
23728
23732
23738
23740
23741
23748
23750
23757
23759
23762
23764
23766
23771
23777
23779
23783
23787
23789
23791
23797
23798
23800
23805
23807
23813
23814
23815
23818
23821
23824
23828
23835
23840
23844
23850
23852
23856
23868
23875
23876
23879
23884
23887
23888
23890
23897
23901
23903
23905
23916
23921
23922
23924
23927
23928
23931
23932
23938
23941
23944
23950
23952
23955
23956
23967
23971
23972
23974
23977
23983
23986
23987
23988
23993
24004
24009
24014
24018
24019
24021
24026
24027
24029
24033
24034
24037
24038
24039
24040
24042
24043
24044
24049
24051
24056
24057
24062
24065
24067
24068
24070
24074
24077
24078
24079
24084
24085
24086
24087
24100
24103
24106
24109
24114
24118
24121
24123
24125
24133
24135
24136
24141
24143
24144
24145
24148
24149
24150
24151
24152
24154
24157
24158
24165
24167
24168
24171
24177
24178
24182
24185
24186
24191
24192
24196
24197
24200
24201
24211
24217
24218
24221
24231
24233
24234
24240
24247
24250
24256
24262
24266
24270
24273
24274
24296
24301
24314
24326
24429
24442
24444
24458
24461
24470
24474
24476
24477
24480
24485
24486
24491
24492
24496
24507
24516
24517
24518
24522
24527
24533
24538
24549
24550
24554
24557
24563
24564
24565
24567
24574
24576
24584
24588
24589
24592
24599
24600
24610
24611
24618
24620
24622
24633
24637
24647
24649
24650
24653
24654
24655
24663
24674
24676
24678
24680
24694
24700
24701
24703
24707
24715
24726
24731
24739
24762
24767
24770
24771
24774
24776
24778
24780
24782
24786
24793
24795
24805
24808
24814
24816
24827
24828
24831
24841
24842
24851
24866
24870
24878
24883
24885
24887
24888
24892
24907
24913
24919
24926
24933
24934
24938
24943
24944
24945
24946
24951
24952
24953
24956
24962
24973
24977
24980
24982
24984
24986
24993
24994
24997
25003
25007
25017
25020
25025
25027
25029
25042
25052
25055
25059
25060
25061
25063
25071
25075
25078
25079
25080
25082
25083
25084
25085
25094
25096
25097
25111
25118
25138
25157
25164
25183
25303
25307
25308
25323
25326
25328
25330
25336
25340
25343
25348
25351
25359
25366
25372
25377
25380
25388
25390
25394
25396
25403
25413
25419
25423
25433
25435
25442
25447
25448
25459
25461
25462
25465
25475
25479
25488
25492
25493
25496
25497
25498
25503
25505
25510
25513
25516
25521
25526
25531
25533
25534
25539
25547
25549
25552
25556
25557
25558
25563
25570
25573
25574
25575
25577
25578
25595
25605
25610
25611
25612
25616
25617
25625
25627
25640
25646
25650
25657
25660
25661
25666
25667
25670
25671
25675
25677
25679
25692
25707
25708
25721
25724
25731
25735
25742
25745
25746
25753
25764
25776
25779
25785
25789
25790
25794
25796
25800
25817
25818
25826
25836
25838
25840
25844
25846
25851
25858
25859
25862
25865
25866
25868
25870
25871
25874
25880
25881
25882
25883
25884
25887
25891
25893
25900
25903
25906
25907
25916
25918
25925
25930
25932
25933
25949
25951
25953
25957
25962
25963
25964
25966
25967
25968
25969
25970
25980
25988
25989
25994
25995
25996
25997
25998
26003
26005
26017
26027
26028
26030
26032
26049
26054
26056
26059
26061
26064
26070
26072
26078
26093
26289
26290
26292
26293
26295
26302
26303
26312
26315
26319
26321
26326
26327
26329
26330
26333
26339
26344
26346
26347
26351
26353
26354
26357
26361
26362
26366
26370
26383
26384
26385
26392
26423
26429
26430
26457
26459
26465
26469
26471
26473
26479
26496
26497
26515
26527
26530
26531
26537
26538
26541
26548
26551
26582
26584
26607
26613
26615
26624
26643
26644
26647
26651
26675
26676
26679
26681
26684
26686
26699
26708
26709
26710
26714
26730
26731
26739
26741
26753
26759
26767
26769
26782
26789
26791
26793
26799
26802
26815
26821
26829
26830
26832
26834
26839
26848
26851
26853
26861
26866
26873
26874
26875
26878
26881
26884
26898
26899
26903
26904
26906
26908
26917
26924
26929
26931
26937
26940
26948
26952
26962
26965
26967
26973
26977
26980
26989
26992
27020
27205
27222
27224
27229
27231
27234
27238
27240
27242
27243
27266
27270
27273
27274
27277
27290
27292
27295
27302
27304
27320
27326
27327
27342
27359
27366
27369
27370
27371
27383
27391
27399
27400
27403
27501
27507
27513
27515
27548
27549
27554
27557
27560
27594
27628
27670
27676
27684
27699
27704
27737
27740
27741
27747
27750
27757
27783
27785
27815
27817
27849
27866
27874
27889
29628
29671
29732
30279
30282
30291
30296
30299
30300
30305
30311
30317
30331
30335
30483
30519
30520
30522
30560
30569
30571
30597
30606
30608
30641
30648
30670
30673
30786
30830
31125
31136
31137
31144
31163
31172
31175
31181
31183
31184
31187
31192
31203
31205
31221
31229
31246
31251
31263
31264
31281
31284
31286
31291
31293
31294
31299
31301
31304
31306
31314
31319
31322
31339
31343
31349
31350
31352
31354
31357
31372
31378
31380
31389
31390
31401
31403
31422
31427
31429
31430
31431
31454
31455
31458
31462
31463
31470
31477
31520
31539
31557
31561
31570
31573
31578
31581
31582
31589
31614
31616
31620
31631
31644
31654
31656
31660
31661
31665
31667
31675
31682
31692
31697
31699
31700
31709
31710
31758
31763
31768
31770
31777
31796
31810
31814
31816
31817
31825
31827
31829
31834
31847
31855
31860
31865
32001
32003
32028
32030
32032
32033
32035
32041
32047
32049
32050
32055
32062
32064
32068
32071
32079
32082
32083
32087
32090
32091
32093
32096
32098
32105
32115
32116
32117
32127
32128
32139
32141
32144
32145
32152
32158
32161
32163
32169
32171
32176
32177
32178
32184
32186
32194
32202
32221
32231
32233
32238
32248
32256
32265
32268
32274
32277
32286
32292
32299
32302
32303
32307
32316
32327
32331
32332
32339
32340
32356
32370
32373
32389
32390
32392
32396
32398
32402
32413
32416
32423
32426
32431
32434
32435
32437
32440
32446
32447
32449
32450
32451
32457
32460
32461
32465
32469
32475
32478
32480
32482
32485
32490
32501
32503
32505
32509
32513
32521
32524
32525
32527
32532
32533
32534
32536
32538
32540
32543
32546
32547
32548
32550
32551
32554
32557
32562
32566
32572
32577
32579
32582
32585
32587
32588
32591
32594
32597
32612
32618
32624
32627
32628
32632
32638
32643
32644
32648
32651
32654
32656
32658
32659
32666
32675
32682
32686
32692
32716
32725
32842
32857
32860
32863
32865
32866
32869
32875
32877
32882
32885
32887
32889
32890
32892
32894
32895
32900
32904
32910
32917
32919
32920
32922
32925
32928
32929
32935
32941
32948
32951
32952
32953
32954
32956
32958
32963
32964
32968
32975
32979
32981
32982
32986
32989
32990
32993
32998
33001
33005
33008
33009
33010
33011
33020
33022
33026
33027
33032
33033
33038
33040
33041
33042
33043
33044
33046
33053
33054
33063
33064
33065
33068
33070
33073
33074
33076
33086
33088
33093
33098
33101
33103
33105
33111
33114
33123
33126
33127
33144
33146
33147
33152
33153
33156
33158
33159
33165
33171
33175
33178
33182
33185
33195
33214
33230
33233
33236
33237
33242
33245
33252
33254
33255
33256
33258
33263
33267
33269
33277
33283
33285
33288
33291
33293
33300
33301
33302
33308
33309
33311
33321
33324
33325
33331
33334
33339
33340
33341
33345
33348
33350
33351
33356
33369
33371
33379
33384
33386
33387
33396
33397
33401
33402
33405
33407
33410
33414
33418
33421
33428
33430
33431
33438
33439
33440
33445
33446
33455
33456
33457
33458
33459
33464
33465
33471
33473
33475
33478
33479
33480
33481
33482
33483
33485
33486
33488
33490
33491
33496
33498
33499
33502
33508
33510
33518
33523
33528
33535
33538
33540
33542
33547
33549
33557
33559
33566
33572
33574
33575
33578
33583
33586
33589
33595
33617
33621
33633
33642
33651
33662
33663
33669
33780
33858
33860
33865
33870
33872
33877
33881
33883
33885
33892
33898
33899
33903
33907
33909
33913
33915
33917
33922
33929
33937
33938
33941
33943
33945
33946
33948
33953
33955
33961
33966
33967
33969
33970
33974
33975
33979
33980
33981
33982
33983
33985
33986
33990
33991
33998
33999
34000
34003
34011
34013
34017
34019
34022
34030
34031
34039
34040
34049
34054
34055
34056
34058
34060
34062
34064
34066
34074
34082
34092
34094
34106
34114
34117
34121
34126
34130
34131
34132
34134
34137
34139
34150
34155
34157
34158
34171
34176
34181
34197
34198
34200
34201
34203
34210
34213
34214
34217
34218
34220
34223
34224
34225
34226
34227
34233
34234
34236
34237
34239
34240
34246
34247
34250
34251
34264
34265
34266
34267
34268
34273
34277
34280
34282
34287
34288
34291
34300
34303
34308
34309
34311
34312
34314
34315
34321
34323
34325
34334
34336
34339
34341
34342
34344
34348
34354
34355
34357
34361
34363
34365
34366
34367
34369
34371
34373
34374
34375
34382
34383
34386
34390
34392
34393
34394
34396
34397
34399
34402
34403
34408
34410
34412
34414
34416
34418
34420
34421
34425
34428
34436
34437
34441
34446
34447
34452
34454
34460
34462
34467
34469
34470
34486
34487
34490
34491
34494
34498
34499
34502
34503
34508
34513
34514
34516
34518
34522
34526
34530
34532
34546
34547
34548
34554
34705
34713
34716
34717
34718
34719
34722
34729
34732
34733
34736
34743
34746
34751
34752
34761
34765
34766
34768
34771
34773
34774
34778
34779
34781
34786
34787
34792
34795
34797
34810
34822
34825
34830
34833
34834
34835
34836
34843
34845
34846
34847
34850
34851
34855
34860
34862
34863
34864
34867
34869
34881
34882
34885
34890
34895
34899
34900
34901
34906
34918
34919
34921
34924
34936
34937
34940
34942
34945
34946
34948
34949
34952
34962
34964
34965
34966
34968
34970
34972
34974
34976
34989
35006
35007
35010
35014
35016
35017
35018
35019
35022
35023
35030
35031
35039
35041
35042
35045
35048
35060
35062
35064
35066
35071
35079
35082
35084
35087
35088
35094
35097
35101
35112
35113
35115
35118
35120
35129
35137
35139
35142
35147
35148
35149
35156
35163
35168
35177
35178
35179
35181
35184
35185
35186
35189
35195
35196
35198
35209
35211
35213
35217
35219
35222
35223
35224
35226
35228
35229
35234
35237
35239
35245
35250
35253
35254
35256
35261
35264
35269
35270
35271
35274
35275
35278
35281
35290
35292
35294
35297
35298
35300
35301
35307
35309
35332
35335
35336
35339
35340
35342
35360
35364
35404
35469
35523
35536
35538
35539
35545
35546
35548
35550
35552
35553
35555
35556
35558
35559
35560
35563
35567
35576
35577
35579
35582
35588
35590
35591
35592
35594
35602
35608
35611
35612
35617
35619
35621
35622
35623
35624
35625
35626
35627
35628
35630
35633
35634
35635
35636
35643
35647
35652
35653
35654
35665
35668
35673
35675
35679
35681
35684
35686
35689
35693
35694
35697
35700
35704
35710
35712
35721
35723
35726
35727
35733
35734
35735
35749
35750
35751
35754
35756
35759
35764
35765
35773
35774
35778
35781
35791
35795
35796
35800
35801
35809
35816
35823
35826
35828
35836
35837
35840
35843
35844
35851
35853
35858
35861
35869
35870
35873
35874
35886
35890
35894
35895
35901
35902
35904
35908
35910
35915
35918
35924
35927
35929
35930
35938
35939
35941
35942
35943
35945
35949
35950
35954
35968
35969
35973
35975
35976
35979
35980
35983
35985
35986
35987
35990
35992
35994
35995
35998
36007
36008
36009
36014
36016
36018
36019
36022
36023
36025
36027
36028
36030
36031
36032
36034
36035
36039
36041
36045
36047
36050
36051
36055
36058
36060
36061
36063
36066
36067
36069
36070
36071
36073
36074
36078
36080
36082
36086
36092
36093
36094
36095
36099
36103
36105
36110
36111
36114
36123
36138
36145
36146
36334
36339
36340
36343
36344
36345
36347
36348
36351
36353
36354
36355
36357
36358
36360
36369
36370
36374
36375
36376
36377
36378
36383
36384
36391
36393
36394
36396
36398
36400
36401
36403
36404
36405
36410
36413
36414
36416
36418
36425
36430
36431
36432
36435
36438
36439
36442
36443
36444
36449
36450
36451
36452
36453
36455
36467
36469
36471
36473
36474
36480
36483
36487
36489
36490
36497
36501
36507
36513
36516
36518
36520
36525
36526
36530
36531
36533
36534
36537
36541
36543
36547
36550
36553
36554
36559
36562
36563
36566
36570
36571
36572
36574
36575
36576
36578
36579
36582
36583
36584
36585
36586
36588
36590
36593
36594
36599
36601
36603
36604
36606
36607
36609
36610
36611
36614
36615
36618
36619
36620
36621
36623
36632
36634
36636
36637
36641
36644
36651
36661
36666
36667
36668
36669
36672
36674
36676
36677
36680
36682
36683
36686
36688
36689
36690
36691
36692
36693
36700
36702
36704
36707
36709
36715
36718
36719
36723
36732
36739
36741
36742
36747
36749
36750
36754
36757
36764
36765
36771
36774
36798
36809
36858
36894
36898
36900
36912
36913
36914
36916
36918
36919
36922
36925
36927
36931
36934
36945
36946
36953
36961
36968
36970
36973
36978
36988
36989
36990
36994
36995
37083
37086
37089
37091
37093
37094
37097
37103
37104
37116
37120
37121
37123
37130
37131
37132
37135
37136
37139
37143
37144
37147
37151
37154
37155
37158
37159
37160
37170
37171
37173
37174
37178
37185
37187
37188
37189
37190
37193
37205
37207
37222
37225
37232
37234
37236
37238
37241
37244
37245
37252
37257
37263
37269
37270
37273
37275
37276
37279
37281
37282
37283
37288
37289
37292
37302
37304
37306
37308
37314
37320
37322
37323
37336
37337
37338
37341
37343
37348
37349
37354
37357
37359
37363
37366
37369
37372
37374
37376
37377
37378
37382
37385
37389
37395
37409
37411
37412
37416
37417
37432
37441
37488
37496
37517
37523
37524
37525
37526
37527
37532
37535
37536
37548
37549
37552
37554
37561
37562
37565
37568
37569
37570
37572
37582
37584
37589
37590
37594
37596
37598
37602
37604
37610
37611
37615
37616
37617
37618
37625
37629
37630
37635
37640
37641
37651
37657
37661
37664
37666
37669
37675
37677
37683
37686
37692
37695
37696
37701
37705
37710
37711
37712
37714
37719
37720
37721
37723
37726
37727
37728
37729
37732
37733
37736
37745
37749
37750
37752
37753
37759
37764
37766
37768
37772
37774
37780
37781
37782
37791
37792
37798
37800
37801
37804
37805
37806
37807
37808
37809
37815
37824
37825
37834
37838
37839
37841
37852
37853
37858
37862
37873
38089
38092
38096
38097
38101
38103
38105
38109
38115
38116
38119
38120
38131
38132
38140
38143
38145
38150
38153
38154
38158
38167
38178
38180
38184
38186
38187
38190
38198
38199
38209
38218
38228
38229
38230
38234
38236
38238
38239
38240
38241
38249
38251
38258
38263
38266
38267
38268
38274
38276
38281
38284
38286
38289
38295
38299
38302
38306
38308
38313
38319
38321
38322
38323
38324
38332
38334
38337
38340
38341
38342
38353
38359
38364
38365
38366
38375
38380
38382
38384
38390
38395
38397
38399
38401
38406
38407
38408
38417
38423
38431
38437
38439
38442
38443
38444
38448
38449
38451
38452
38457
38458
38459
38461
38462
38469
38476
38478
38481
38483
38491
38496
38497
38498
38510
38512
38514
38515
38516
38519
38521
38522
38523
38526
38527
38531
38533
38537
38538
38543
38544
38545
38546
38550
38551
38553
38555
38557
38558
38562
38563
38564
38565
38567
38569
38571
38576
38582
38584
38594
38595
38598
38599
38600
38605
38606
38608
38609
38610
38611
38614
38618
38619
38620
38626
38628
38630
38632
38634
38635
38639
38641
38643
38645
38653
38655
38656
38661
38663
38664
38666
38668
38670
38671
38674
38684
38686
38694
38697
38701
38702
38703
38705
38709
38711
38712
38716
38718
38721
38722
38724
38733
38735
38737
38739
38741
38746
38747
38752
38755
38763
38765
38773
38777
38780
38803
38821
38831
38967
38977
38979
38985
38987
38989
38990
38991
38992
38994
39000
39006
39010
39011
39013
39014
39019
39020
39029
39030
39037
39039
39043
39047
39048
39049
39050
39053
39054
39056
39062
39063
39068
39075
39076
39077
39078
39082
39083
39084
39087
39088
39090
39095
39101
39102
39107
39112
39120
39127
39134
39136
39139
39140
39143
39145
39149
39156
39169
39173
39176
39179
39180
39181
39191
39192
39199
39201
39203
39209
39217
39219
39220
39222
39224
39227
39230
39231
39232
39236
39237
39241
39242
39257
39259
39261
39265
39268
39270
39273
39276
39281
39283
39285
39289
39290
39295
39307
39309
39311
39313
39314
39318
39319
39322
39323
39326
39332
39335
39340
39342
39351
39352
39353
39357
39360
39367
39370
39373
39384
39386
39387
39394
39395
39398
39403
39405
39407
39409
39412
39413
39417
39420
39422
39424
39425
39427
39439
39445
39447
39451
39452
39457
39460
39462
39463
39464
39465
39467
39468
39471
39475
39478
39481
39483
39484
39485
39490
39495
39497
39499
39506
39508
39511
39512
39513
39515
39518
39520
39523
39525
39527
39528
39531
39532
39534
39535
39536
39537
39540
39541
39551
39557
39558
39562
39564
39568
39572
39576
39578
39580
39583
39585
39589
39592
39593
39600
39602
39604
39608
39610
39624
39628
39632
39634
39635
39637
39644
39662
39709
39748
39816
39817
39835
39837
39839
39840
39841
39842
39850
39854
39855
39857
39858
39859
39862
39864
39867
39872
39873
39874
39878
39882
39884
39885
39888
39894
39895
39903
39904
39905
39907
39911
39920
39921
39923
39924
39925
39926
39928
39933
39936
39939
39940
39942
39945
39946
39949
39951
39952
39953
39957
39960
39961
39962
39966
39971
39972
39982
39984
39986
39989
39995
39998
39999
40001
40003
40014
40015
40016
40017
40021
40023
40028
40030
40031
40033
40035
40041
40042
40044
40045
40048
40049
40054
40057
40058
40059
40060
40062
40063
40065
40068
40069
40074
40075
40077
40078
40084
40090
40092
40094
40095
40098
40105
40110
40111
40113
40115
40116
40119
40121
40122
40126
40129
40130
40138
40141
40146
40152
40163
40167
40169
40170
40185
40188
40190
40191
40192
40193
40194
40196
40208
40213
40214
40215
40216
40221
40233
40234
40238
40240
40248
40249
40250
40253
40255
40259
40261
40272
40281
40285
40286
40287
40288
40295
40301
40305
40306
40312
40325
40334
40338
40343
40345
40348
40350
40352
40353
40355
40360
40363
40367
40372
40373
40382
40386
40392
40398
40401
40402
40405
40406
40408
40411
40414
40415
40417
40426
40429
40431
40433
40435
40437
40441
40443
40445
40446
40448
40453
40454
40461
40462
40464
40468
40474
40485
40490
40492
40494
40503
40504
40505
40508
40515
40517
40520
40606
40668
40669
40677
40679
40684
40694
40699
40704
40705
40706
40711
40715
40718
40720
40723
40725
40726
40732
40737
40742
40746
40747
40754
40755
40756
40758
40762
40765
40769
40772
40777
40779
40782
40783
40784
40785
40786
40789
40795
40806
40809
40810
40811
40814
40818
40820
40823
40825
40835
40838
40839
40846
40862
40864
40867
40871
40876
40878
40885
40886
40888
40890
40895
40904
40905
40919
40921
40924
40925
40926
40927
40929
40932
40934
40953
40956
40961
40968
40972
40974
40976
40980
40986
41008
41016
41017
41019
41024
41025
41028
41031
41036
41041
41050
41054
41056
41059
41060
41061
41066
41067
41069
41073
41075
41079
41080
41082
41088
41095
41096
41100
41102
41104
41115
41117
41118
41120
41146
41156
41158
41160
41161
41162
41163
41167
41168
41172
41173
41176
41184
41186
41187
41204
41205
41207
41224
41228
41229
41233
41237
41243
41251
41254
41260
41266
41267
41268
41270
41274
41275
41276
41279
41283
41286
41287
41289
41290
41291
41293
41296
41299
41302
41303
41305
41310
41311
41314
41315
41318
41324
41328
41332
41334
41335
41338
41344
41348
41354
41361
41365
41370
41371
41374
41385
41390
41400
41417
41427
41442
41546
41549
41555
41568
41572
41574
41577
41581
41592
41607
41608
41623
41627
41632
41633
41637
41638
41648
41660
41666
41668
41669
41670
41677
41679
41680
41685
41704
41707
41767
41771
41794
41796
41802
41834
41835
41843
41850
41852
41858
41864
41870
41951
41954
41977
41997
41999
42011
42013
42020
42023
42032
42042
42046
42047
42052
42065
42066
42070
42071
42077
42083
42089
42090
42091
42093
42099
42101
42114
42126
42133
42151
42163
42171
42176
42177
42179
42180
42190
42202
42236
42255
42272
42297
42304
42306
42312
42319
42322
42331
42332
42335
42340
42376
42378
42384
42522
42592
42603
42609
42611
42612
42617
42633
42634
42637
42655
42667
42789
42816
42877
42879
42880
42884
42914
42939
42990
42993
43022
43026
43027
43196
43407
43631
43638
43640
43642
43644
43645
43650
43651
43657
43659
43687
43691
43696
43698
43703
43713
43774
43776
43779
43784
43785
43880
43882
43891
43895
43912
43913
43919
43923
43924
43961
43966
43967
43972
43979
43985
43996
44050
44072
44089
44091
44092
44105
44125
44129
44130
44161
44164
44176
44179
44204
44211
44227
44252
44257
44260
44276
44280
44282
44297
44364
44401
44595
44601
44604
44605
44607
44613
44617
44618
44619
44622
44623
44627
44630
44631
44632
44635
44637
44638
44640
44644
44646
44651
44656
44662
44667
44671
44672
44678
44686
44687
44689
44695
44705
44710
44713
44717
44718
44720
44721
44726
44734
44737
44739
44740
44742
44745
44746
44751
44752
44753
44756
44757
44758
44759
44761
44766
44777
44780
44782
44784
44788
44789
44793
44794
44795
44802
44807
44821
44826
44830
44833
44834
44837
44838
44847
44848
44849
44855
44859
44864
44866
44873
44879
44881
44882
44885
44888
44889
44910
44916
44921
44922
44924
44929
44932
44935
44937
44938
44941
44942
44944
44948
44950
44951
44953
44955
44957
44963
44964
44966
44969
44973
44975
44976
44977
44982
44983
44990
44997
45001
45009
45014
45017
45018
45028
45032
45038
45045
45048
45049
45050
45052
45061
45062
45066
45070
45071
45073
45085
45091
45092
45099
45101
45105
45106
45108
45114
45123
45133
45136
45138
45142
45144
45148
45149
45154
45161
45163
45164
45166
45168
45169
45170
45171
45173
45193
45195
45196
45197
45204
45206
45208
45211
45215
45219
45223
45224
45225
45228
45230
45231
45236
45239
45253
45254
45264
45272
45273
45277
45278
45285
45287
45323
45346
45388
45443
45446
45448
45450
45452
45453
45455
45456
45457
45462
45468
45471
45472
45477
45480
45481
45489
45491
45494
45495
45500
45510
45520
45528
45529
45538
45539
45542
45543
45552
45561
45564
45566
45569
45572
45574
45579
45581
45593
45607
45608
45610
45612
45617
45624
45627
45630
45633
45638
45640
45644
45645
45648
45649
45651
45652
45656
45657
45659
45660
45664
45665
45670
45671
45673
45679
45680
45683
45685
45687
45689
45691
45694
45698
45699
45704
45707
45710
45711
45713
45717
45718
45720
45722
45726
45734
45735
45737
45746
45751
45762
45763
45765
45769
45771
45772
45773
45778
45779
45786
45787
45788
45791
45792
45795
45800
45802
45803
45805
45806
45808
45809
45810
45811
45815
45821
45823
45825
45832
45836
45844
45850
45854
45855
45859
45866
45867
45868
45872
45873
45874
45881
45882
45883
45885
45894
45895
45898
45899
45902
45908
45911
45914
45917
45918
45920
45926
45929
45930
45937
45939
45941
45942
45946
45949
45950
45951
45953
45956
45963
45965
45967
45968
45970
45973
45975
45977
45981
45982
45990
45991
45993
45995
45998
46001
46003
46006
46008
46011
46012
46015
46016
46019
46020
46026
46027
46028
46030
46040
46042
46049
46050
46052
46053
46054
46066
46068
46074
46075
46076
46077
46078
46081
46083
46085
46087
46089
46090
46091
46092
46094
46095
46096
46098
46100
46105
46117
46119
46127
46134
46138
46141
46155
46164
46292
46295
46301
46302
46305
46308
46311
46312
46318
46319
46320
46326
46327
46329
46333
46334
46336
46339
46341
46345
46350
46351
46354
46355
46358
46360
46369
46370
46371
46373
46374
46375
46376
46378
46384
46385
46387
46395
46398
46399
46401
46402
46403
46405
46407
46408
46409
46412
46415
46416
46424
46429
46431
46433
46435
46436
46438
46440
46442
46443
46445
46447
46449
46450
46451
46462
46464
46465
46468
46472
46475
46477
46486
46487
46489
46495
46496
46499
46507
46509
46514
46515
46516
46518
46521
46523
46524
46525
46527
46530
46531
46533
46534
46535
46538
46544
46548
46559
46561
46564
46568
46572
46574
46579
46584
46587
46589
46593
46597
46598
46600
46601
46603
46617
46621
46623
46625
46626
46627
46629
46634
46638
46639
46643
46644
46650
46652
46655
46664
46667
46668
46672
46678
46682
46684
46689
46690
46691
46692
46694
46699
46703
46709
46710
46711
46712
46713
46716
46718
46723
46727
46729
46731
46732
46734
46735
46745
46747
46749
46750
46754
46755
46756
46760
46768
46770
46771
46777
46783
46784
46787
46788
46792
46793
46794
46808
46810
46814
46819
46822
46825
46826
46831
46834
46835
46837
46842
46845
46846
46848
46850
46851
46852
46855
46860
46862
46863
46864
46868
46869
46876
46878
46883
46884
46887
46888
46889
46893
46895
46898
46899
46900
46901
46903
46904
46907
46908
46915
46916
46918
46920
46924
46930
46935
46948
46951
46954
46963
46968
46970
46980
46982
46986
46992
47024
47097
47164
47172
47176
47181
47182
47184
47185
47186
47187
47189
47195
47196
47198
47199
47200
47202
47204
47207
47208
47211
47212
47214
47217
47220
47233
47235
47237
47238
47239
47241
47246
47250
47252
47256
47257
47263
47264
47266
47267
47270
47271
47275
47278
47281
47283
47284
47286
47288
47289
47291
47300
47310
47315
47317
47318
47323
47324
47326
47331
47335
47343
47344
47345
47349
47350
47351
47353
47354
47355
47360
47364
47365
47367
47368
47369
47378
47379
47383
47384
47385
47386
47388
47390
47391
47393
47394
47397
47408
47412
47417
47432
47434
47435
47438
47440
47445
47446
47454
47457
47463
47466
47467
47470
47472
47479
47480
47483
47488
47491
47493
47495
47507
47509
47511
47515
47516
47517
47521
47523
47526
47528
47531
47532
47540
47548
47552
47557
47560
47562
47564
47565
47566
47569
47574
47575
47584
47586
47593
47600
47601
47605
47606
47610
47613
47619
47622
47626
47629
47631
47634
47635
47639
47640
47650
47651
47657
47660
47668
47670
47672
47673
47675
47676
47681
47682
47685
47686
47687
47692
47701
47705
47706
47707
47708
47712
47717
47718
47729
47733
47735
47736
47739
47744
47745
47746
47750
47751
47752
47755
47758
47759
47761
47762
47766
47768
47771
47773
47774
47775
47777
47778
47785
47790
47793
47794
47795
47798
47799
47802
47804
47806
47808
47813
47814
47815
47816
47825
47828
47830
47833
47838
47846
47849
47851
47853
47855
47865
47869
47887
47895
47905
47915
48107
48108
48110
48116
48117
48121
48122
48123
48124
48125
48131
48134
48135
48136
48137
48138
48139
48141
48143
48144
48146
48147
48148
48149
48150
48151
48152
48155
48156
48157
48161
48162
48164
48165
48166
48173
48177
48179
48180
48181
48183
48185
48187
48188
48190
48194
48199
48201
48202
48204
48205
48206
48212
48226
48228
48231
48232
48234
48239
48240
48241
48242
48244
48256
48258
48259
48261
48265
48266
48268
48269
48272
48275
48276
48281
48282
48285
48286
48287
48289
48290
48291
48292
48293
48294
48295
48296
48297
48303
48304
48305
48306
48310
48312
48314
48316
48319
48320
48321
48322
48325
48327
48328
48333
48334
48335
48340
48345
48348
48349
48350
48354
48355
48356
48359
48361
48367
48368
48377
48378
48391
48393
48397
48403
48405
48410
48418
48420
48436
48444
48608
48619
48625
48626
48628
48631
48632
48633
48647
48648
48649
48651
48652
48654
48660
48665
48673
48677
48678
48680
48684
48686
48689
48690
48691
48692
48693
48695
48698
48702
48711
48712
48716
48718
48720
48723
48725
48728
48729
48732
48733
48734
48738
48740
48743
48744
48750
48753
48754
48755
48756
48762
48763
48766
48767
48776
48778
48779
48781
48782
48784
48785
48788
48791
48793
48795
48796
48799
48804
48807
48808
48809
48810
48812
48816
48817
48822
48827
48829
48834
48838
48840
48841
48844
48845
48850
48851
48852
48853
48855
48858
48859
48861
48869
48871
48873
48874
48875
48878
48882
48883
48884
48886
48888
48891
48895
48896
48897
48908
48909
48911
48912
48913
48922
48924
48930
48931
48932
48934
48937
48942
48943
48946
48949
48950
48952
48954
48955
48957
48962
48963
48967
48972
48975
48979
48980
48981
48984
48985
48986
48987
48988
48989
48993
48994
48997
49004
49006
49007
49013
49016
49017
49018
49020
49022
49024
49028
49034
49035
49037
49039
49040
49041
49043
49046
49047
49048
49049
49051
49068
49069
49077
49078
49079
49080
49081
49091
49092
49093
49098
49099
49100
49102
49113
49120
49124
49132
49293
49305
49306
49310
49311
49314
49319
49320
49323
49324
49325
49326
49327
49331
49334
49338
49340
49343
49350
49351
49353
49354
49355
49358
49359
49360
49361
49365
49369
49376
49377
49382
49383
49384
49386
49390
49391
49394
49396
49399
49400
49403
49410
49411
49412
49413
49415
49417
49418
49420
49421
49427
49429
49432
49435
49436
49441
49442
49444
49448
49454
49460
49462
49465
49469
49473
49475
49480
49482
49483
49485
49490
49491
49492
49493
49497
49500
49501
49504
49505
49509
49511
49514
49517
49519
49522
49523
49524
49526
49527
49529
49530
49536
49537
49540
49543
49545
49548
49551
49561
49564
49571
49572
49575
49576
49577
49579
49581
49585
49588
49589
49593
49604
49607
49608
49616
49617
49619
49620
49624
49625
49628
49630
49634
49635
49637
49638
49643
49644
49647
49648
49650
49654
49656
49657
49659
49668
49669
49670
49672
49675
49676
49677
49679
49681
49684
49685
49686
49688
49690
49700
49703
49710
49713
49714
49718
49719
49720
49723
49724
49729
49730
49731
49733
49734
49735
49738
49739
49750
49751
49752
49755
49759
49764
49765
49767
49770
49771
49775
49777
49778
49780
49781
49782
49783
49784
49790
49791
49792
49793
49797
49798
49800
49801
49802
49803
49804
49805
49808
49812
49815
49816
49820
49822
49824
49826
49831
49833
49834
49835
49836
49839
49840
49842
49843
49844
49847
49848
49852
49853
49854
49859
49861
49862
49864
49867
49868
49870
49871
49872
49874
49875
49876
49880
49887
49889
49894
49897
49899
49900
49903
49905
49906
49910
49913
49921
49924
49929
49933
49934
49935
49936
49940
49942
49943
49945
49947
49949
49950
49954
49957
49996
50020
50021
50025
50154
50157
50169
50170
50173
50177
50178
50180
50183
50184
50185
50193
50196
50199
50200
50205
50211
50212
50213
50216
50217
50218
50221
50223
50224
50226
50227
50231
50238
50246
50247
50248
50250
50251
50252
50253
50259
50260
50264
50265
50267
50268
50269
50275
50276
50285
50291
50293
50294
50295
50298
50300
50301
50303
50305
50306
50308
50310
50311
50315
50318
50319
50324
50326
50330
50331
50336
50338
50344
50347
50349
50351
50352
50353
50359
50365
50369
50374
50382
50385
50386
50390
50391
50397
50399
50407
50412
50416
50420
50421
50423
50428
50429
50437
50438
50440
50449
50456
50460
50461
50462
50464
50468
50470
50478
50479
50481
50483
50484
50492
50493
50498
50499
50500
50508
50509
50510
50511
50513
50514
50516
50517
50518
50519
50522
50524
50526
50527
50541
50543
50544
50545
50549
50550
50552
50553
50556
50558
50563
50565
50566
50568
50573
50574
50577
50582
50583
50584
50585
50593
50595
50597
50598
50599
50603
50605
50606
50608
50613
50614
50620
50621
50623
50624
50627
50629
50630
50631
50632
50633
50636
50637
50638
50640
50641
50646
50647
50649
50654
50657
50660
50662
50670
50675
50679
50682
50683
50684
50687
50688
50689
50690
50693
50695
50696
50698
50700
50702
50703
50704
50707
50709
50710
50713
50721
50724
50725
50728
50729
50734
50735
50736
50737
50738
50740
50741
50745
50750
50751
50753
50755
50756
50757
50758
50761
50762
50763
50766
50768
50771
50778
50779
50780
50783
50789
50795
50806
50810
50814
50816
50819
50822
50861
50986
50988
50995
50997
50998
51000
51002
51003
51004
51007
51010
51014
51017
51020
51021
51025
51027
51029
51031
51032
51039
51040
51046
51047
51049
51056
51059
51062
51064
51065
51067
51068
51069
51073
51075
51076
51081
51082
51083
51086
51089
51094
51100
51101
51105
51112
51115
51117
51118
51119
51121
51123
51124
51125
51126
51129
51130
51131
51133
51134
51135
51137
51139
51145
51146
51150
51151
51152
51155
51159
51162
51163
51164
51167
51171
51173
51183
51187
51188
51189
51190
51193
51203
51210
51212
51217
51219
51221
51223
51224
51225
51229
51231
51237
51246
51252
51263
51293
51294
51296
51302
51303
51305
51308
51309
51311
51314
51318
51319
51320
51322
51323
51324
51327
51329
51330
51335
51339
51341
51347
51349
51356
51357
51358
51363
51365
51374
51377
51378
51390
51391
51393
51398
51400
51402
51404
51405
51406
51409
51413
51415
51418
51427
51428
51435
51436
51439
51440
51447
51449
51453
51454
51455
51463
51465
51466
51470
51473
51479
51480
51483
51487
51488
51500
51501
51502
51503
51504
51509
51511
51514
51518
51527
51529
51544
51546
51547
51548
51549
51550
51554
51555
51565
51567
51568
51569
51570
51576
51583
51585
51586
51589
51590
51593
51594
51595
51597
51598
51600
51601
51605
51611
51614
51617
51624
51626
51627
51629
51631
51634
51636
51644
51649
51656
51660
51664
51665
51667
51668
51671
51673
51674
51676
51681
51682
51685
51686
51692
51694
51697
51698
51703
51705
51709
51715
51725
51726
51730
51748
51863
51879
51887
51895
51908
51940
51995
52010
52028
52034
52065
52072
52093
52127
52153
52169
52182
52208
52255
52268
52294
52300
52308
52347
52350
52356
52379
52398
52427
52436
52440
52451
52459
52462
52484
52492
52495
52498
52505
52516
52528
52533
52564
52565
52574
52577
52589
52607
52615
52664
53032
53033
53034
53049
53050
53055
53061
53066
53067
53072
53073
53075
53080
53085
53088
53091
53102
53113
53118
53119
53140
53151
53154
53156
53157
53160
53161
53166
53183
53187
53188
53190
53202
53212
53214
53221
53240
53244
53246
53247
53250
53251
53254
53270
53271
53275
53277
53282
53285
53298
53300
53303
53308
53310
53311
53314
53316
53317
53320
53325
53339
53341
53344
53345
53346
53351
53353
53359
53364
53365
53371
53374
53375
53377
53379
53381
53384
53388
53392
53398
53406
53412
53418
53422
53443
53448
53454
53458
53459
53464
53468
53472
53473
53482
53484
53486
53488
53498
53509
53511
53527
53530
53531
53541
53656
53657
53659
53662
53663
53666
53667
53668
53670
53672
53673
53684
53685
53686
53691
53695
53701
53703
53705
53707
53709
53710
53711
53712
53718
53719
53723
53727
53731
53735
53736
53739
53742
53751
53753
53756
53759
53762
53767
53785
53796
53801
53802
53805
53816
53819
53827
53830
53835
53836
53843
53848
53852
53854
53864
53868
53882
53885
53887
53889
53891
53895
53896
53897
53906
53907
53910
53911
53913
53917
53925
53928
53933
53935
53938
53941
53948
53954
53963
53964
53965
53971
53976
53977
53985
53994
53996
53997
53999
54001
54009
54012
54015
54016
54029
54031
54032
54036
54037
54038
54040
54041
54052
54055
54056
54064
54066
54067
54072
54079
54080
54089
54092
54099
54116
54123
54125
54127
54131
54132
54135
54140
54142
54151
54175
54176
54185
54190
54201
54203
54204
54206
54218
54234
54338
54341
54346
54349
54350
54351
54352
54353
54355
54356
54361
54362
54363
54364
54376
54380
54385
54387
54388
54393
54405
54408
54411
54415
54417
54425
54428
54433
54434
54447
54448
54453
54455
54465
54470
54488
54492
54493
54504
54513
54517
54524
54529
54554
54560
54563
54569
54571
54573
54575
54577
54578
54583
54584
54588
54589
54590
54591
54593
54594
54597
54598
54599
54601
54604
54606
54614
54617
54621
54624
54633
54634
54635
54639
54640
54643
54649
54658
54666
54667
54673
54676
54677
54679
54681
54695
54696
54697
54702
54706
54721
54722
54723
54724
54725
54728
54730
54735
54740
54742
54744
54745
54746
54750
54754
54758
54760
54770
54772
54775
54777
54787
54789
54790
54794
54797
54799
54803
54805
54807
54810
54813
54814
54818
54821
54823
54824
54833
54834
54835
54839
54841
54844
54849
54855
54869
54875
54879
54880
54883
54903
54906
54918
54921
54931
54932
54934
54936
54950
54967
54968
54970
54974
54978
54980
54991
54993
54996
54997
54998
55000
55011
55014
55019
55028
55031
55032
55033
55046
55052
55071
55074
55092
55105
55123
55124
55125
55126
55134
55141
55150
55178
55248
55382
55384
55386
55389
55390
55395
55400
55404
55406
55407
55409
55411
55415
55416
55419
55421
55423
55429
55433
55440
55445
55447
55449
55457
55458
55459
55462
55471
55474
55475
55478
55480
55481
55482
55485
55491
55494
55504
55506
55510
55513
55514
55518
55519
55523
55525
55527
55530
55537
55539
55541
55546
55551
55562
55564
55567
55568
55570
55571
55572
55573
55576
55587
55588
55590
55594
55595
55599
55615
55616
55617
55620
55625
55626
55653
55657
55660
55661
55666
55671
55678
55681
55683
55684
55685
55687
55689
55690
55692
55697
55698
55701
55704
55705
55706
55708
55709
55711
55715
55717
55721
55726
55727
55732
55736
55740
55741
55742
55743
55747
55749
55750
55752
55753
55756
55757
55758
55759
55760
55764
55765
55770
55772
55778
55779
55781
55784
55786
55789
55790
55791
55794
55795
55798
55802
55803
55804
55805
55808
55810
55811
55821
55822
55825
55826
55828
55829
55833
55834
55838
55839
55840
55841
55845
55846
55855
55856
55858
55859
55860
55862
55863
55864
55865
55866
55867
55871
55872
55874
55876
55877
55878
55879
55880
55890
55894
55895
55896
55901
55904
55905
55906
55907
55911
55914
55915
55916
55918
55919
55920
55923
55925
55926
55929
55931
55933
55936
55937
55942
55947
55952
55954
55961
55962
55963
55968
55970
55974
55975
55982
55985
55986
55987
55989
55990
55992
55999
56003
56006
56017
56075
56163
56167
56168
56172
56173
56176
56179
56183
56184
56187
56191
56200
56206
56207
56209
56215
56222
56225
56227
56232
56234
56243
56246
56250
56252
56254
56256
56267
56283
56287
56292
56293
56298
56305
56308
56309
56310
56315
56316
56320
56322
56323
56324
56328
56337
56340
56342
56355
56356
56357
56359
56361
56362
56363
56364
56366
56367
56370
56373
56374
56377
56385
56391
56394
56395
56396
56397
56405
56407
56413
56426
56428
56429
56434
56439
56443
56446
56449
56451
56452
56453
56457
56460
56462
56464
56473
56474
56479
56481
56483
56486
56487
56490
56492
56504
56507
56513
56516
56517
56520
56528
56532
56537
56542
56546
56547
56553
56554
56555
56556
56559
56560
56561
56564
56567
56568
56570
56571
56572
56574
56581
56582
56583
56587
56596
56609
56611
56617
56618
56620
56622
56629
56631
56633
56634
56635
56637
56638
56643
56646
56649
56658
56667
56670
56671
56674
56679
56684
56697
56699
56700
56702
56703
56704
56709
56711
56714
56721
56723
56729
56732
56736
56738
56739
56745
56746
56752
56753
56761
56763
56764
56765
56766
56767
56768
56773
56782
56783
56784
56791
56796
56820
56823
56828
56880
56896
56907
56981
56985
56987
56996
57002
57006
57007
57009
57013
57017
57022
57025
57026
57028
57029
57033
57037
57038
57040
57049
57053
57058
57060
57061
57062
57067
57071
57076
57078
57079
57080
57082
57084
57085
57089
57093
57100
57101
57102
57104
57105
57107
57109
57110
57113
57114
57115
57117
57119
57120
57126
57127
57133
57134
57135
57136
57137
57146
57147
57149
57153
57156
57157
57158
57162
57164
57165
57171
57172
57173
57183
57184
57189
57192
57195
57200
57206
57213
57214
57218
57220
57224
57228
57229
57231
57232
57233
57236
57240
57242
57243
57246
57248
57249
57254
57255
57267
57268
57269
57270
57272
57274
57276
57278
57279
57281
57284
57285
57287
57296
57309
57310
57312
57313
57314
57315
57316
57317
57318
57319
57323
57324
57327
57332
57334
57343
57344
57346
57348
57350
57351
57353
57356
57361
57362
57364
57366
57368
57373
57376
57379
57380
57382
57383
57390
57392
57393
57399
57401
57404
57405
57407
57416
57419
57421
57422
57423
57425
57428
57429
57439
57442
57444
57446
57451
57452
57455
57456
57458
57459
57461
57464
57466
57470
57482
57483
57484
57485
57489
57490
57493
57494
57495
57497
57503
57506
57508
57511
57514
57516
57519
57521
57524
57527
57528
57530
57531
57532
57533
57534
57537
57541
57542
57543
57544
57547
57558
57559
57561
57562
57563
57566
57567
57570
57573
57581
57584
57590
57592
57593
57594
57597
57598
57599
57616
57779
57780
57782
57783
57785
57791
57794
57801
57803
57804
57807
57808
57809
57810
57816
57817
57820
57822
57823
57824
57826
57829
57830
57831
57832
57833
57846
57853
57858
57859
57860
57864
57865
57867
57873
57880
57882
57883
57885
57895
57904
57906
57907
57914
57936
57945
57948
57956
57958
57959
57963
57965
57967
57977
57983
57990
57994
58003
58004
58013
58089
58094
58104
58105
58108
58112
58115
58116
58122
58124
58126
58127
58128
58130
58135
58136
58141
58146
58147
58148
58154
58155
58156
58157
58159
58160
58166
58167
58168
58170
58171
58180
58182
58190
58191
58194
58195
58197
58198
58201
58202
58204
58206
58207
58210
58216
58217
58221
58223
58235
58237
58240
58246
58248
58249
58250
58251
58253
58255
58257
58259
58264
58273
58278
58286
58289
58293
58295
58296
58298
58299
58363
58374
58379
58381
58383
58384
58387
58388
58389
58392
58393
58395
58397
58398
58401
58405
58410
58413
58415
58422
58426
58429
58432
58433
58434
58437
58441
58442
58444
58446
58448
58449
58453
58456
58457
58462
58469
58470
58478
58479
58480
58481
58482
58487
58488
58490
58492
58496
58497
58501
58503
58506
58512
58520
58524
58526
58533
58535
58536
58537
58539
58540
58541
58546
58552
58555
58557
58558
58561
58565
58574
58576
58579
58581
58586
58589
58591
58609
58615
58616
58617
58623
58624
58625
58628
58630
58632
58634
58638
58640
58644
58645
58649
58652
58657
58659
58667
58674
58675
58682
58685
58686
58687
58689
58691
58693
58698
58701
58702
58705
58706
58709
58713
58716
58717
58719
58720
58724
58730
58732
58733
58736
58737
58739
58742
58747
58748
58750
58751
58755
58756
58757
58770
58772
58775
58777
58778
58781
58782
58784
58785
58788
58789
58791
58794
58797
58801
58803
58805
58808
58809
58811
58812
58813
58815
58817
58821
58822
58824
58829
58831
58832
58833
58834
58835
58838
58840
58842
58843
58848
58849
58852
58853
58854
58855
58856
58859
58867
58868
58870
58874
58875
58886
58889
58892
58894
58895
58897
58902
58905
58910
58915
58926
58928
58931
58958
59047
59105
59106
59107
59108
59111
59112
59115
59116
59117
59126
59127
59129
59130
59133
59134
59135
59139
59143
59147
59148
59153
59154
59158
59159
59160
59163
59164
59165
59166
59167
59169
59170
59172
59173
59174
59177
59180
59182
59185
59194
59200
59201
59202
59204
59206
59208
59213
59214
59216
59221
59236
59245
59246
59247
59248
59249
59251
59252
59257
59259
59261
59262
59263
59267
59270
59273
59274
59279
59280
59299
59300
59301
59302
59309
59310
59312
59314
59319
59321
59325
59328
59334
59335
59339
59345
59358
59361
59365
59366
59367
59372
59375
59378
59380
59381
59382
59387
59390
59391
59392
59393
59394
59395
59400
59403
59404
59408
59416
59417
59422
59424
59425
59427
59429
59431
59432
59433
59436
59437
59453
59458
59459
59461
59462
59464
59465
59469
59471
59473
59477
59481
59482
59483
59484
59487
59491
59492
59493
59494
59503
59504
59506
59508
59513
59514
59516
59517
59518
59519
59521
59524
59526
59527
59529
59532
59534
59537
59539
59542
59549
59551
59552
59556
59557
59561
59562
59566
59571
59572
59573
59574
59575
59578
59580
59582
59587
59591
59592
59593
59594
59599
59607
59613
59618
59621
59622
59626
59636
59642
59645
59646
59647
59648
59651
59667
59691
59706
59853
59861
59867
59869
59874
59876
59877
59882
59884
59887
59889
59891
59897
59904
59905
59930
59942
59948
59951
59969
59974
59980
59982
59990
60013
60027
60037
60043
60048
60050
60063
60066
60075
60080
60089
60092
60098
60101
60107
60114
60126
60141
60148
60149
60154
60158
60159
60162
60163
60164
60175
60176
60180
60189
60194
60209
60210
60214
60215
60223
60224
60226
60229
60233
60245
60256
60257
60262
60271
60276
60278
60284
60285
60287
60299
60308
60316
60318
60322
60332
60336
60337
60345
60367
60371
60372
60376
60378
60379
60383
60384
60388
60391
60405
60421
60436
60450
60561
60631
60635
60637
60639
60642
60643
60648
60655
60664
60666
60687
60689
60697
60704
60707
60712
60715
60729
60736
60742
60743
60745
60746
60747
60748
60750
60753
60754
60757
60759
60767
60778
60780
60783
60786
60793
60794
60795
60799
60800
60802
60810
60811
60813
60814
60819
60820
60822
60823
60826
60831
60835
60837
60846
60848
60863
60864
60865
60869
60872
60874
60876
60900
60904
60908
60910
60911
60912
60913
60917
60918
60920
60921
60928
60929
60930
60938
60949
60950
60951
60953
60955
60956
60971
60973
60974
60975
60978
60980
60981
60987
60994
60996
61000
61003
61004
61008
61011
61020
61021
61023
61024
61025
61028
61030
61034
61035
61045
61048
61049
61050
61051
61053
61057
61058
61061
61062
61063
61069
61074
61080
61083
61084
61098
61101
61103
61107
61113
61115
61116
61117
61118
61119
61121
61132
61133
61137
61138
61139
61140
61143
61144
61150
61153
61154
61163
61167
61173
61201
61334
61339
61343
61344
61346
61347
61349
61354
61355
61356
61361
61367
61368
61369
61371
61375
61378
61381
61386
61388
61391
61395
61397
61398
61401
61403
61413
61417
61419
61423
61425
61427
61430
61443
61447
61453
61455
61458
61459
61461
61464
61465
61473
61482
61484
61487
61488
61502
61503
61505
61506
61510
61515
61519
61520
61522
61523
61524
61528
61535
61537
61542
61556
61560
61563
61579
61580
61585
61588
61594
61597
61599
61601
61609
61610
61612
61617
61619
61620
61621
61633
61635
61637
61639
61646
61648
61653
61656
61661
61665
61666
61667
61669
61672
61674
61677
61678
61680
61682
61688
61689
61692
61693
61694
61698
61705
61707
61708
61719
61720
61721
61723
61725
61726
61728
61729
61736
61740
61741
61744
61750
61751
61753
61760
61767
61770
61771
61773
61779
61790
61793
61794
61795
61797
61799
61801
61802
61805
61810
61816
61817
61820
61821
61825
61828
61829
61833
61835
61836
61837
61843
61845
61846
61847
61848
61850
61852
61853
61854
61857
61860
61874
61898
61902
62010
62012
62013
62019
62024
62031
62120
62130
62131
62132
62136
62138
62139
62144
62145
62148
62151
62158
62170
62174
62179
62189
62193
62194
62197
62213
62218
62263
62268
62269
62270
62291
62292
62318
62323
62324
62325
62333
62371
62397
62400
62403
62416
62443
62446
62448
62453
62473
62474
62475
62477
62478
62495
62496
62497
62498
62500
62503
62633
62643
62644
62653
62654
62656
62658
62659
62666
62668
62669
62670
62674
62675
62676
62678
62680
62681
62685
62686
62688
62694
62700
62702
62704
62706
62707
62709
62710
62711
62713
62717
62718
62723
62724
62726
62730
62732
62733
62734
62735
62736
62738
62740
62742
62744
62748
62754
62762
62763
62770
62771
62772
62777
62784
62785
62786
62790
62791
62793
62797
62800
62801
62802
62807
62814
62819
62821
62822
62831
62837
62841
62842
62843
62844
62847
62850
62852
62854
62858
62859
62860
62863
62864
62865
62867
62870
62872
62875
62878
62879
62887
62888
62891
62893
62897
62901
62902
62904
62905
62909
62910
62912
62913
62914
62916
62917
62919
62920
62923
62924
62932
62935
62937
62938
62941
62944
62951
62953
62954
62961
62963
62966
62967
62970
62971
62974
62975
62976
62977
62978
62979
62982
62984
62985
62988
62990
62992
62996
63002
63003
63005
63006
63007
63008
63013
63014
63017
63024
63026
63027
63031
63032
63036
63043
63044
63048
63053
63054
63057
63058
63060
63063
63067
63068
63069
63070
63078
63079
63086
63087
63088
63089
63092
63094
63096
63098
63099
63100
63102
63103
63107
63108
63115
63118
63121
63122
63125
63132
63133
63140
63141
63142
63145
63147
63150
63157
63163
63164
63166
63167
63169
63180
63183
63190
63191
63271
63272
63345
63349
63350
63356
63358
63361
63362
63363
63370
63372
63377
63378
63383
63389
63395
63398
63400
63411
63412
63416
63418
63422
63431
63433
63437
63441
63452
63455
63456
63460
63462
63463
63465
63466
63467
63468
63481
63482
63483
63485
63488
63489
63490
63493
63497
63499
63503
63504
63506
63509
63510
63511
63513
63519
63520
63522
63524
63528
63529
63532
63534
63538
63541
63543
63546
63553
63555
63557
63558
63559
63560
63561
63562
63566
63567
63569
63571
63573
63575
63580
63585
63587
63589
63598
63600
63603
63604
63607
63610
63621
63627
63628
63638
63639
63643
63645
63646
63648
63649
63652
63653
63654
63655
63658
63661
63671
63676
63677
63678
63682
63685
63686
63694
63695
63698
63701
63702
63704
63706
63709
63710
63713
63716
63721
63724
63729
63730
63731
63733
63734
63738
63739
63740
63748
63749
63757
63758
63764
63772
63773
63782
63796
63799
63806
63811
63812
63818
63826
63957
63971
63976
63978
63983
63985
63986
63989
63992
63994
63995
63997
64013
64017
64022
64023
64024
64026
64028
64030
64031
64035
64036
64037
64038
64040
64042
64043
64046
64049
64051
64056
64060
64064
64066
64068
64069
64070
64071
64072
64080
64087
64088
64089
64093
64094
64095
64096
64101
64104
64107
64108
64110
64114
64115
64116
64121
64122
64134
64142
64146
64148
64149
64150
64151
64152
64154
64155
64157
64163
64164
64165
64166
64167
64177
64178
64179
64182
64183
64186
64192
64194
64195
64196
64197
64199
64202
64205
64208
64214
64216
64218
64219
64225
64227
64228
64235
64238
64240
64241
64242
64245
64248
64250
64263
64279
64280
64284
64287
64297
64304
64306
64307
64310
64312
64313
64316
64335
64463
67042
67048
67050
67057
67067
67068
67084
67087
67090
67095
67096
67102
67105
67108
67120
67124
67162
67165
67168
67169
67172
67175
67179
67192
67197
67200
67201
67205
67208
67209
67217
67218
67219
67225
67228
67229
67236
67238
67239
67241
67243
67244
67256
67260
67266
67268
67269
67270
67271
67288
67289
67291
67295
67296
67297
67298
67304
67309
67310
67311
67314
67329
67334
67335
67336
67338
67341
67348
67349
67350
67352
67355
67359
67368
67369
67371
67372
67375
67376
67377
67379
67380
67387
67393
67396
67397
67411
67424
67432
67435
67440
67449
67450
67554
67566
67567
67568
67569
67571
67572
67574
67576
67577
67579
67582
67586
67587
67592
67602
67604
67620
67621
67648
67655
67657
67674
67677
67679
67685
67687
67694
67699
67711
67716
67719
67722
67723
67748
67753
67755
67756
67758
67768
67770
67775
67778
67779
67784
67785
67790
67804
67805
67814
67825
67827
67835
67839
67844
67847
67865
67869
67870
67872
67874
67883
67886
67894
67895
67901
67916
67920
67923
67925
67930
67932
67935
67936
67944
67945
67952
67953
67954
67955
67958
67964
67976
67986
67989
67990
67991
67997
67998
68004
68005
68012
68013
68014
68015
68016
68027
68028
68031
68034
68037
68041
68213
68219
68225
68229
68238
68243
68265
68275
68286
68290
68293
68295
68303
68307
68319
68337
68340
68341
68353
68359
68360
68364
68367
68370
68372
68392
68398
68399
68400
68401
68403
68405
68414
68416
68420
68431
68435
68436
68437
68445
68446
68452
68453
68456
68469
68476
68479
68496
68497
68506
68519
68520
68523
68524
68526
68527
68534
68541
68546
68549
68553
68555
68566
68573
68574
68582
68585
68587
68589
68600
68605
68613
68614
68618
68623
68628
68640
68644
68645
68648
68659
68660
68665
68667
68668
68671
68672
68675
68679
68682
68685
68689
68704
68705
68724
68725
68727
68733
68734
68748
68749
69006
69008
69015
69017
69028
69030
69031
69036
69037
69074
69076
69113
69116
69172
69205
69247
69256
69257
69295
69317
69348
71402
71412
71421
71431
71438
71452
71464
71467
71473
71474
71482
71483
71498
71501
71511
71519
71529
71533
71535
71537
71540
71545
71547
71550
71551
71563
71571
71579
71584
71585
71593
71597
71598
71601
71606
71608
71611
71612
71621
71641
71650
71654
71657
71659
71664
71682
71683
71686
71694
71696
71699
71705
71706
71708
71716
71718
71720
71731
71734
71735
71736
71745
71756
71759
71760
71765
71766
71767
71771
71773
71778
71785
71790
71791
71792
71793
71794
71795
71796
71797
71799
71801
71812
71814
71820
71828
71838
71853
71854
71856
71857
71859
71863
71878
71882
71886
71889
71891
71903
71904
71916
71919
71922
71938
71939
71941
71944
71945
71946
71948
71957
71961
71962
71963
71965
71966
71968
71969
71976
71994
72026
72113
72115
72120
72126
72127
72128
72132
72134
72138
72140
72141
72145
72147
72150
72159
72161
72162
72164
72165
72168
72169
72170
72172
72173
72181
72186
72187
72191
72195
72198
72201
72207
72209
72213
72215
72220
72226
72228
72231
72233
72235
72237
72245
72251
72254
72258
72261
72264
72271
72276
72279
72284
72285
72287
72295
72299
72300
72301
72307
72309
72312
72313
72318
72319
72320
72321
72327
72329
72333
72334
72337
72338
72341
72343
72350
72359
72360
72370
72371
72375
72376
72377
72379
72380
72382
72383
72384
72385
72387
72396
72397
72398
72399
72402
72403
72405
72406
72408
72409
72411
72412
72414
72421
72422
72432
72436
72437
72438
72442
72444
72446
72447
72448
72454
72456
72461
72462
72465
72467
72470
72472
72476
72477
72478
72480
72481
72484
72485
72490
72495
72497
72503
72507
72510
72511
72515
72516
72517
72518
72520
72521
72524
72529
72537
72546
72548
72552
72556
72557
72565
72566
72569
72571
72578
72579
72580
72587
72590
72592
72600
72609
72610
72615
72620
72622
72733
72734
72736
72740
72742
72744
72746
72749
72751
72752
72755
72758
72763
72765
72803
72806
72854
72856
72859
72889
72915
72922
72950
72952
72956
72957
72958
72978
72983
72989
72999
73026
73028
73185
73222
73225
73237
73254
73261
73266
73279
73283
73284
73288
73295
73302
73303
73306
73321
73346
73347
73348
73365
73389
73390
73394
73397
73406
73408
73409
73417
73423
73428
73451
73454
73480
73498
73515
73563
73667
73669
73678
73689
73690
73693
73695
73697
73703
73711
73714
73715
73716
73722
73724
73726
73735
73742
73743
73746
73750
73767
73778
73779
73780
73782
73783
73785
73788
73790
73809
73812
73820
73824
73840
73843
73849
73858
73860
73861
73863
73865
73866
73881
73883
73890
73894
73895
73905
73911
73912
73914
73972
73990
73995
74008
74009
74014
74021
74023
74029
74030
74031
74033
74045
74047
74050
74053
74054
74055
74056
74066
74067
74068
74071
74086
74092
74108
74109
74116
74117
74122
74124
74145
74150
74151
74152
74155
74163
74165
74176
74185
74196
74200
74212
74215
74229
74236
74237
74239
74256
74269
74280
74305
74365
74476
74480
74978
75167
75171
75243
75274
75282
75283
75292
75296
75305
75315
75320
75321
75324
75338
75350
75363
75453
75457
75458
75462
75463
75464
75465
75467
75472
75474
75483
75488
75490
75492
75499
75500
75501
75502
75506
75507
75509
75511
75520
75523
75524
75525
75531
75539
75540
75550
75551
75552
75554
75557
75561
75574
75596
75598
75613
75629
75630
75631
75633
75635
75636
75638
75639
75642
75643
75645
75648
75659
75664
75667
75668
75671
75672
75674
75678
75681
75685
75687
75696
75699
75700
75701
75702
75703
75709
75710
75711
75715
75718
75720
75725
75726
75730
75731
75732
75741
75753
75754
75761
75762
75763
75765
75766
75769
75771
75774
75775
75779
75782
75783
75785
75786
75788
75791
75792
75793
75797
75798
75799
75800
75810
75811
75813
75814
75816
75817
75821
75822
75825
75829
75831
75833
75834
75837
75838
75839
75840
75843
75845
75847
75850
75852
75861
75862
75863
75864
75866
75867
75871
75874
75876
75881
75884
75889
75895
75896
75900
75907
75923
75930
75938
75940
75943
76000
76097
76112
76118
76175
76180
76192
76220
76228
76240
76263
76266
76272
76281
76287
76292
76307
76312
76317
76324
76326
76327
76328
76331
76335
76338
76339
76346
76350
76371
76372
76390
76391
76392
76393
76409
76425
76432
76433
76446
76462
76474
76492
76494
76496
76508
76527
76528
76533
76541
76559
76581
76586
76587
76592
76593
76605
76614
76634
76646
76660
76691
78709
78719
78732
78741
78743
78747
78753
78769
78778
78783
78792
78796
78799
78815
78817
78818
78819
78823
78824
78829
78839
78841
78846
78852
78855
78856
78862
78863
78865
78873
78876
78877
78879
78911
78917
78925
78949
78951
78980
78983
79007
79026
79034
79037
79038
79045
79049
79068
79072
79084
79086
79104
79110
79112
79141
79143
79148
79150
79151
79153
79176
79177
79179
79180
79181
79182
79183
79184
79187
79188
79189
79210
79227
79257
79271
79345
79391
79395
79398
79402
79403
79404
79406
79407
79408
79410
79412
79415
79418
79420
79426
79428
79429
79430
79432
79439
79440
79441
79443
79445
79446
79447
79452
79454
79461
79462
79469
79470
79472
79474
79477
79479
79488
79491
79493
79494
79497
79499
79500
79501
79503
79507
79509
79510
79516
79521
79532
79536
79537
79539
79541
79542
79544
79547
79550
79552
79554
79563
79575
79576
79579
79580
79581
79582
79583
79584
79585
79592
79593
79596
79597
79601
79605
79606
79610
79612
79613
79614
79615
79616
79617
79619
79620
79622
79623
79624
79625
79626
79627
79629
79633
79637
79638
79642
79644
79645
79647
79648
79650
79651
79652
79653
79658
79659
79662
79664
79667
79669
79670
79671
79673
79677
79678
79679
79682
79689
79690
79691
79692
79693
79694
79695
79696
79697
79699
79700
79703
79704
79707
79712
79713
79715
79716
79717
79718
79721
79722
79723
79724
79727
79734
79738
79743
79744
79745
79753
79754
79761
79762
79767
79771
79773
79774
79779
79781
79785
79786
79791
79792
79797
79804
79808
79809
79813
79814
79818
79821
79841
79842
79856
79860
79863
79962
79966
79968
79973
79974
79986
79987
79988
79989
79993
80001
80050
80051
80070
80089
80109
80122
80125
80131
80144
80152
80618
81181
81186
81202
81221
81235
81238
81244
81283
81285
81287
81291
81326
81329
81344
81352
81371
81398
81416
81441
81448
81452
81462
81493
81495
81497
81498
81499
81512
81515
81526
81547
81655
81656
81658
81664
81671
81673
81674
81682
81684
81685
81689
81732
81743
81747
81763
81764
81766
81770
81772
81799
81801
81809
81815
81822
81823
81826
81834
81838
81841
81851
81857
81859
81863
81870
81886
81921
81922
82005
82015
82022
82028
82038
82042
82044
82047
82049
82053
82061
82064
82072
82074
82077
82086
82100
82104
82106
82108
82129
82138
82143
82154
82157
82161
82174
82204
82207
82210
82212
82218
82225
82232
82237
82239
82248
82251
82253
82255
82259
82260
82262
82266
82268
82277
82286
82297
82303
82305
82306
82312
82315
82320
82321
82352
82353
82355
82358
82359
82368
82372
82373
82376
82381
82397
82399
82408
82410
82411
82421
82422
82426
82435
82441
82445
82448
82568
82613
82649
82650
82690
82693
82770
82772
82779
82789
82790
82791
82793
82794
82796
82806
82809
82810
82822
82836
82862
82870
82874
82886
82893
82903
82909
82934
82940
82941
82955
82982
84073
84079
84084
84085
84086
84092
84094
84097
84100
84104
84106
84108
84110
84137
84177
84178
84187
84202
84212
84213
84226
84232
84233
84247
84263
84275
84286
84287
84435
84437
84442
84443
84449
84450
84458
84461
84464
84469
84470
84473
84482
84486
84490
84493
84494
84496
84502
84505
84508
84509
84514
84515
84518
84519
84524
84526
84532
84534
84536
84538
84539
84540
84543
84547
84548
84551
84562
84566
84567
84573
84574
84577
84584
84585
84592
84593
84594
84604
84605
84610
84616
84621
84623
84626
84627
84641
84645
84647
84648
84649
84654
84657
84658
84660
84662
84667
84668
84670
84672
84674
84679
84684
84685
84690
84691
84693
84694
84696
84698
84700
84704
84709
84720
84721
84724
84726
84727
84728
84730
84731
84736
84737
84740
84743
84765
84772
84773
84785
84787
84791
84792
84793
84795
84799
84801
84808
84809
84812
84814
84818
84820
84822
84826
84827
84830
84833
84840
84842
84844
84850
84851
84852
84854
84857
84858
84860
84870
84877
84880
84881
84882
84888
84891
84892
84895
84898
84900
84906
84907
84917
84936
84939
84940
84941
84945
84946
84947
84948
84951
84952
84953
84959
84960
84963
84969
84980
84987
84988
84994
84998
85006
85160
85174
85178
85195
85202
85207
85210
85218
85219
85226
85237
85242
85267
85276
85315
85326
85333
85336
85339
85341
85347
85348
85358
85360
85363
85377
85382
85395
85400
85405
85410
85420
85428
85441
85448
85464
85481
85482
85495
85509
85510
85511
85513
85517
85518
85553
85564
85570
85573
85579
85603
85619
85623
85629
85648
85653
85656
85659
85670
85684
85689
85691
85692
85694
85699
85702
85704
85712
85714
85724
85729
85739
85740
85753
85767
85780
85955
85981
85993
86031
86135
86147
86167
86179
86183
86184
86191
86192
86253
86255
86294
86311
86316
86338
86365
86371
86411
86412
86422
86462
86467
86480
86521
86522
86526
86536
86540
86560
86562
86600
87542
87580
87596
87602
87648
87669
87690
87717
87732
87741
87756
87781
87809
87815
87818
87836
87837
87844
87862
87949
87963
87978
87983
87988
87991
87993
87994
87996
88009
88010
88014
88019
88021
88022
88027
88030
88031
88034
88042
88050
88053
88057
88066
88074
88078
88097
88119
88125
88128
88132
88139
88147
88158
88164
88165
88168
88172
88180
88181
88196
88198
88200
88201
88202
88203
88207
88222
88226
88228
88234
88235
88244
88253
88259
88284
88287
88297
88300
88309
88315
88321
88331
88332
88333
88334
88339
88340
88350
88357
88362
88380
88381
88383
88386
88392
88394
88398
88400
88419
88420
88421
88423
88424
88425
88426
88428
88430
88431
88435
88437
88440
88442
88444
88450
88454
88455
88456
88459
88460
88465
88469
88472
88474
88477
88478
88482
88483
88484
88486
88487
88489
88491
88514
88522
88533
88538
88539
88677
88679
88684
88687
88688
88691
88693
88696
88699
88703
88705
88706
88709
88712
88717
88736
88751
88764
88767
88768
88790
88791
88794
88795
88796
88800
88805
88813
88818
88819
88822
88824
88825
88828
88833
88836
88837
88839
88843
88851
88856
88858
88860
88869
88872
88885
88897
88905
88906
88909
88910
88911
88916
88919
88922
88929
88933
88936
88938
88943
88952
88953
88954
88957
88958
88959
88960
88962
88964
88974
88976
88987
88991
88993
89009
89028
89031
89032
89034
89054
89057
89075
89146
89151
89160
89161
89164
89169
89174
89177
89181
89191
89194
89197
89201
89204
89210
89214
89222
89228
89233
89238
89279
89280
89304
89305
89333
89342
89365
89374
89375
89377
89379
89398
89425
89426
89427
89441
89451
89466
89506
89903
89921
89929
89930
89936
89937
89948
90004
90059
90075
90103
90125
90143
90242
90250
90252
90266
90274
90280
90289
90301
90311
90314
90315
90317
90366
90375
90407
90409
90430
90446
90448
90461
90475
90477
90478
90493
90535
90543
90545
90547
90553
90555
90580
90593
90609
90613
90620
90628
90648
90650
90651
90659
90782
90783
90798
90809
90811
90817
90822
90825
90837
90838
90839
90875
90876
90888
90900
90917
90949
90952
90955
90998
91007
91026
91028
91041
91052
91060
91065
91077
91079
91082
91085
91086
91112
91113
91116
91120
91123
91131
91133
91141
91142
91144
91148
91150
91158
91170
91173
91174
91180
91188
91208
91209
91228
91239
91240
91257
91420
91432
91434
91445
91446
91448
91450
91452
91458
91460
91470
91471
91476
91480
91487
91528
91529
91542
91548
91551
91554
91573
91574
91578
91579
91580
91585
91622
91629
91630
91633
91642
91670
91673
91677
91689
91697
91700
91702
91722
91724
91730
91749
91760
91763
91770
91778
91780
91785
91786
91788
91790
91792
91796
91799
91800
91805
91809
91816
91826
91833
91836
91840
91858
91859
91861
91871
91872
91879
91885
91904
92001
92019
92021
92024
92029
92040
92058
92060
92067
92068
92071
92077
92083
92087
92107
92108
92126
92127
92131
92133
92136
92139
92145
92146
92152
92155
92170
92174
92179
92180
92189
92191
92194
92209
92212
92218
92219
92222
92230
92235
92238
92247
92258
92262
92264
92265
92271
92273
92278
92279
92284
92291
92292
92293
92309
92311
92313
92314
92319
92320
92321
92324
92326
92336
92339
92341
92342
92357
92370
92371
92372
92375
92380
92389
92390
92391
92394
92397
92402
92405
92406
92410
92425
92548
92570
92578
92597
92599
92602
92605
92606
92617
92638
92663
92673
92674
92677
92690
92722
92733
92737
92740
92761
92766
92777
92781
92783
92791
92792
92804
92829
92850
92862
93510
93516
93522
93525
93530
93533
93535
93544
93545
93547
93550
93551
93554
93557
93559
93561
93568
93571
93572
93578
93587
93589
93594
93596
93601
93625
93637
93639
93640
93658
93660
93661
93663
93664
93671
93672
93675
93676
93681
93688
93689
93691
93697
93698
93699
93711
93714
93716
93729
93731
93733
93734
93736
93742
93749
93756
93758
93759
93772
93779
93782
93791
93793
93796
93801
93802
93803
93805
93810
93811
93814
93827
93829
93842
93846
93847
93848
93855
93856
93857
93866
93876
93883
93884
93889
94065
94072
94076
94077
94087
94091
94102
94110
94111
94129
94132
94137
94143
94145
94153
94154
94156
94158
94163
94168
94173
94186
94191
94197
94198
94211
94214
94216
94220
94259
94260
94262
94263
94266
94271
94276
94288
94292
94297
94300
94303
94304
94333
94334
94335
94337
94338
94340
94345
94346
94368
94370
94371
94373
94376
94378
94382
94386
94405
94408
94409
94411
94412
94413
94445
94467
94470
94473
94474
94478
94479
94488
94491
94509
94511
94514
94522
94524
94527
94541
94545
94557
94574
94577
94582
94584
94586
94588
94604
94612
94615
94644
96202
96430
96439
96459
96464
96472
96480
96489
96491
96495
96497
96508
96510
96513
96521
96531
96536
96553
96558
96559
96563
96567
96570
96573
96575
96579
96584
96585
96590
96594
96599
96605
96614
96619
96620
96621
96624
96636
96637
96650
96651
96659
96662
96664
96665
96668
96678
96689
96692
96712
96713
96717
96748
96751
96754
96755
96763
96777
96793
96819
96824
96825
96826
96827
96829
96830
96832
96834
96848
96860
96862
96865
96870
96883
96906
96909
96911
96912
96916
97026
97165
97168
97175
97178
97179
97180
97186
97190
97204
97208
97209
97217
97218
97222
97225
97226
97229
97254
97255
97294
97305
97306
97307
97308
97310
97314
97315
97319
97328
97329
97330
97343
97352
97364
97367
97376
97387
97390
97845
97861
97864
97876
97888
97896
97897
97899
97900
97905
97907
97922
97925
97926
97928
97930
97931
97932
97934
97938
97939
97941
97953
97963
97965
97974
97976
97981
97987
97988
97998
98002
98008
98017
98023
98026
98031
98040
98045
98046
98047
98051
98060
98062
98075
98080
98100
98101
98103
98115
98116
98120
98122
98123
98138
98144
98147
98273
98275
98276
98280
98284
98287
98291
98297
98300
98303
98305
98307
98308
98312
98314
98316
98318
98334
98374
98380
98390
98391
98392
98395
98400
98405
98419
98420
98490
98513
98518
98519
98520
98547
98550
98551
98560
98578
98583
98585
98590
98594
98607
98616
98631
98635
98639
98656
98708
98712
98721
98747
98760
98761
98791
98825
99085
99340
99350
99672
99676
99680
99682
99686
99689
99702
99703
99707
99708
99717
99721
99733
99745
99842
99873
99874
99880
99895
99917
99919
99928
99942
99943
99947
99956
99967
99970
99974
99976
99977
99987
99993
100009
100011
100012
100016
100039
100054
100071
100074
100077
100195
100198
100215
100216
100229
100235
100241
100245
100251
100252
100256
100260
100263
100264
100270
100283
100292
100298
100302
100310
100314
100316
100317
100322
100323
100325
100332
100333
100335
100338
100339
100350
100353
100354
100355
100362
100364
100374
100378
100379
100381
100383
100384
100385
100393
100395
100406
100412
100413
100414
100421
100423
100436
100443
100462
100467
100468
100741
100742
100746
100747
100752
100753
100755
100757
100760
100761
100762
100771
100772
100773
100774
100777
100779
100784
100786
100789
100790
100791
100792
100793
100796
100803
100808
100812
100813
100823
100825
100833
100834
100835
100836
100846
100847
100849
100870
100872
100874
100877
100882
100885
100887
100888
100890
100891
100894
100898
100899
100903
100911
100915
100917
101090
101100
101108
101119
101120
101198
101205
101240
101254
101258
101294
101295
101299
101317
101320
101322
101396
101409
101427
102921
103229
103266
103357
103445
103463
103468
103471
103495
103596
103601
103603
103610
103617
103625
103656
103664
103666
103681
103684
103685
103686
103692
103696
103700
103706
103722
103728
103729
103732
103749
103751
103752
103761
103763
103766
103767
103780
103781
103785
103787
103788
103796
103803
103805
103825
103831
103832
103844
103851
103860
103862
103900
103902
103928
103941
104108
104113
104144
104170
104174
104176
104185
104186
104192
104210
104222
104225
104230
104251
104260
104262
104265
104266
104267
104291
104299
104302
104305
104323
104341
104343
104347
104856
104881
104884
104889
104890
104899
104904
104919
104925
104933
104943
104961
105073
105085
105093
105098
105102
105103
105108
105111
105113
105118
105121
105140
105146
105148
105179
105184
105268
105271
105300
105301
105303
105329
105330
105346
105347
105349
105354
105372
105412
105435
105438
105440
105463
105468
105494
105495
105499
105501
105503
105550
105939
105949
105954
105961
105963
105975
105980
105983
105985
105988
105998
106008
106010
106015
106022
106094
106106
106108
106109
106123
106125
106129
106148
106149
106155
106162
106168
106171
106173
106185
106189
106193
106194
106216
106217
106220
106391
106399
106411
106432
106483
106579
106598
106600
107062
107165
107174
107175
107180
107184
107185
107187
107191
107192
107196
107198
107200
107204
107205
107211
107224
107225
107226
107230
107232
107234
107243
107248
107252
107257
107258
107268
107274
107282
107289
107298
107304
107322
107328
107361
107362
107364
107365
107379
107382
107383
107385
107389
107391
107393
107396
107410
107411
107412
107414
107416
107421
107424
107437
107438
107440
107442
107443
107445
107447
107449
107454
107457
107464
107469
107472
107474
107477
107478
107479
107480
107481
107482
107483
107487
107499
107505
107507
107509
107512
107516
107519
107539
107543
107544
107548
107549
107550
107552
107555
107556
107558
107562
107563
107569
107571
107572
107573
107574
107575
107579
107586
107594
107598
107609
107614
107615
107618
107620
107621
107623
107628
107629
107641
107647
107649
107651
107652
107661
107670
107679
107718
107743
107865
107869
107870
107880
107885
107887
107889
107895
107896
107906
107909
107911
107914
107920
107921
107924
107930
107941
107946
107949
107953
107957
107959
107974
107979
107980
107981
107986
107988
107991
107997
108001
108003
108004
108012
108014
108017
108022
108029
108032
108033
108035
108036
108041
108044
108048
108055
108059
108060
108067
108069
108077
108078
108096
108098
108100
108108
108116
108118
108119
108133
108137
108142
108145
108147
108148
108150
108155
108156
108163
108172
108173
108176
108184
108187
108189
108191
108194
108198
108199
108204
108210
108214
108217
108219
108221
108223
108226
108239
108243
108245
108247
108251
108252
108253
108254
108255
108264
108268
108273
108277
108278
108279
108280
108282
108283
108302
108303
108306
108307
108310
108319
108323
108324
108326
108329
108333
108335
108337
108338
108339
108348
108351
108352
108354
108358
108363
108367
108371
108375
108382
108386
108387
108388
108390
108394
108395
108396
108399
108409
108412
108413
108414
108422
108445
108453
108476
108648
108654
109333
109340
109346
109351
109355
109363
109369
109372
109374
109375
109408
109409
109410
109434
109447
109489
109505
109529
109534
109535
109537
109611
109621
109624
109627
109628
109629
109632
109634
109635
109637
109640
109644
109645
109646
109647
109649
109650
109651
109653
109654
109655
109658
109663
109666
109671
109676
109679
109681
109683
109686
109688
109690
109693
109695
109701
109702
109703
109705
109710
109726
109731
109732
109733
109737
109740
109747
109750
109752
109758
109761
109778
109779
109787
109792
109793
109795
109798
109799
109801
109802
109808
109812
109824
109825
109826
109829
109836
109838
109839
109844
109846
109848
109849
109851
109854
109857
109858
109860
109862
109864
109869
109870
109872
109873
109883
109890
109891
109893
109896
109899
109900
109904
109914
109920
109924
109925
109927
109929
109934
109935
109939
109947
109948
109951
109959
109960
109963
109967
109972
109977
109980
109984
109985
109996
110002
110004
110008
110009
110010
110011
110013
110018
110022
110025
110026
110033
110037
110040
110041
110043
110048
110050
110052
110055
110056
110057
110058
110059
110061
110063
110066
110067
110072
110073
110081
110082
110084
110085
110086
110087
110090
110093
110096
110108
110114
110117
110120
110121
110126
110128
110130
110131
110132
110134
110139
110141
110143
110144
110145
110146
110156
110157
110163
110164
110165
110167
110170
110171
110172
110173
110174
110177
110181
110183
110190
110191
110194
110197
110205
110206
110207
110208
110209
110217
110220
110222
110223
110225
110226
110227
110228
110236
110243
110245
110250
110259
110396
110413
110418
110434
110435
110442
110447
110450
110452
110454
110456
110458
110461
110466
110467
110472
110474
110476
110481
110484
110486
110487
110488
110489
110491
110492
110493
110497
110501
110502
110504
110505
110506
110507
110513
110515
110516
110519
110520
110521
110523
110524
110525
110529
110537
110541
110542
110544
110551
110554
110556
110561
110563
110569
110570
110572
110574
110578
110580
110582
110587
110595
110597
110599
110603
110605
110606
110607
110615
110618
110631
110632
110635
110637
110640
110646
110650
110665
110668
110669
110670
110672
110675
110681
110682
110683
110684
110686
110688
110691
110696
110698
110700
110704
110707
110708
110710
110711
110714
110715
110731
110733
110736
110738
110739
110742
110744
110750
110756
110765
110769
110771
110772
110774
110779
110781
110787
110792
110793
110794
110796
110797
110799
110800
110801
110803
110812
110813
110815
110816
110817
110818
110819
110822
110827
110829
110830
110832
110834
110838
110845
110847
110848
110850
110852
110853
110854
110855
110857
110858
110859
110861
110862
110864
110865
110866
110868
110869
110875
110878
110879
110880
110881
110883
110889
110890
110891
110896
110898
110901
110903
110904
110905
110908
110909
110911
110914
110917
110920
110923
110927
110930
110931
110935
110939
110940
110941
110943
110945
110951
110953
110955
110958
110961
110966
110967
110971
110972
110973
110989
111023
111049
111144
111170
111178
111180
111202
111217
111220
111289
111349
111351
111359
111360
111370
111387
111394
111410
111749
111941
111943
111948
111960
111961
111966
111981
111988
111993
112015
112026
112032
112040
112057
112066
112083
112084
112086
112088
112100
112122
112156
112162
112184
112191
112202
112213
112214
112218
112236
112253
112259
112263
112266
112269
112272
112277
112296
112431
112436
112449
112476
112489
112508
112511
112517
112548
112554
112555
112559
112576
112586
112596
112605
112617
112626
112632
112645
112656
112662
112668
112670
112690
112696
112699
112708
112710
112720
112724
112736
112738
112743
112744
112745
112755
112757
112762
112803
112881
112946
112947
112948
112958
112959
112960
112965
112970
112971
112977
112979
112980
112985
112987
112988
112990
112996
113007
113015
113020
113023
113029
113039
113043
113053
113055
113056
113074
113077
113079
113097
113098
113102
113103
113106
113115
113118
113121
113125
113126
113127
113128
113129
113130
113134
113135
113141
113142
113143
113144
113156
113158
113159
113160
113161
113163
113166
113173
113174
113175
113177
113185
113186
113188
113192
113194
113195
113198
113209
113210
113215
113223
113229
113230
113236
113246
113250
113253
113256
113262
113263
113267
113268
113271
113275
113287
113434
113442
113444
113470
113474
113486
113509
113514
113515
113526
113536
113539
113552
113558
113559
113562
113568
113605
113606
113608
113625
113632
113644
113646
113649
113663
113694
113695
113696
113718
113721
113736
113738
113742
113756
113761
113775
113783
113788
113800
113805
113820
113822
113823
114158
114170
114488
114515
114529
114534
114538
114555
114584
114682
114704
114707
114712
114713
114726
114727
114730
114738
114750
114755
114758
114762
114777
114778
114779
114780
114785
114804
114810
114812
114827
114836
114839
114845
114853
114858
114863
114874
114875
114898
114926
114927
114928
114939
115030
115114
115115
115121
115124
115125
115131
115133
115137
115143
115144
115152
115153
115159
115161
115163
115165
115170
115177
115185
115194
115199
115203
115209
115212
115223
115228
115232
115234
115240
115241
115245
115250
115255
115256
115258
115262
115279
115283
115293
115301
115309
115311
115314
115328
115340
115341
115345
115346
115350
115359
115361
115362
115372
115375
115381
115382
115383
115385
115394
115396
115399
115407
115409
115410
115414
115418
115420
115421
115428
115430
115434
115439
115441
115446
115451
115460
115461
115466
115468
115470
115481
115495
115496
115497
115503
115521
115523
115526
115530
115535
115548
115549
115551
115553
115562
115569
115574
115582
115584
115588
115595
115601
115604
115609
115611
115613
115615
115618
115620
115643
115651
115659
115873
115875
115878
115880
115883
115888
115891
115893
115894
115898
115904
115907
115913
115914
115916
115917
115918
115932
115934
115936
115973
115974
116014
116017
116037
116049
116052
116076
116091
116093
116114
116117
116120
116142
116193
116196
116207
116208
116209
116210
116211
116214
116215
116217
116220
116231
116239
116240
116243
116244
116250
116252
116259
116260
116262
116263
116269
116276
116285
116288
116292
116300
116301
116303
116306
116314
116318
116321
116323
116324
116330
116331
116333
116335
116339
116340
116345
116348
116355
116357
116358
116364
116368
116369
116376
116385
116389
116393
116398
116409
116410
116411
116412
116414
116416
116419
116422
116428
116437
116440
116441
116443
116444
116445
116446
116448
116455
116456
116457
116461
116471
116476
116477
116478
116479
116483
116489
116490
116492
116494
116498
116506
116511
116512
116513
116515
116516
116517
116519
116520
116521
116533
116534
116538
116540
116547
116552
116554
116557
116567
116570
116575
116592
116594
116595
116598
116599
116600
116602
116603
116604
116605
116606
116607
116622
116623
116628
116629
116630
116636
116637
116641
116645
116647
116652
116656
116663
116666
116680
116688
116689
116690
116701
116707
116836
116838
116842
116844
116848
116849
116850
116852
116856
116860
116861
116862
116863
116864
116865
116868
116869
116876
116878
116880
116882
116883
116884
116886
116894
116901
116904
116905
116907
116908
116909
116910
116913
116918
116920
116921
116922
116925
116926
116935
116941
116943
116944
116945
116948
116951
116956
116958
116965
116970
116972
116974
116978
116979
116980
116981
116982
116983
116988
116995
117000
117006
117017
117018
117030
117046
117050
117055
117056
117058
117059
117060
117064
117069
117071
117072
117073
117082
117089
117090
117092
117093
117100
117101
117103
117104
117107
117110
117111
117112
117115
117125
117131
117134
117140
117146
117148
117149
117152
117158
117161
117166
117169
117181
117182
117186
117187
117189
117193
117196
117199
117204
117214
117217
117219
117221
117222
117233
117235
117236
117237
117242
117244
117251
117255
117258
117261
117262
117263
117268
117279
117280
117285
117286
117288
117291
117292
117301
117302
117303
117309
117314
117319
117320
117334
117351
117372
117430
117471
117518
117520
117521
117533
117534
117536
117544
117550
117554
117556
117558
117563
117566
117567
117568
117569
117571
117573
117578
117585
117590
117594
117596
117597
117598
117603
117612
117616
117618
117619
117627
117628
117631
117632
117636
117638
117639
117641
117645
117646
117649
117652
117659
117665
117669
117678
117680
117683
117684
117688
117698
117709
117712
117714
117726
117727
117728
117734
117736
117739
117741
117743
117744
117746
117747
117751
117754
117755
117760
117766
117770
117772
117778
117780
117783
117785
117786
117790
117799
117801
117808
117811
117814
117819
117822
117826
117828
117832
117835
117836
117839
117840
117851
117856
117859
117864
117869
117877
117881
117883
117886
117887
117890
117895
117900
117909
117917
117918
117926
117927
117928
117929
117931
117938
117941
117943
117947
117948
117961
117981
118119
118126
118133
118137
118142
118144
118145
118147
118151
118153
118156
118161
118168
118187
118190
118195
118197
118207
118213
118214
118240
118243
118244
118245
118255
118260
118261
118263
118290
118291
118295
118298
118300
118308
118310
118311
118321
118330
118331
118334
118337
118338
118348
118351
118366
118401
118404
