Batch	Correct_edit	Indels	Substitutions_amplicon	Reads_aligned_all_amplicons	Reads_aligned_reference	Reads_aligned_amplicon	dir
REP1_AAVS1_type1_BC1_rt23	13.0021509457835	3.45891060922376	4.70993863478206	63228	54993	8221	CRISPRessoBatch_on_AAVS1_TYPE1_BC1
REP1_AAVS1_type1_BC1_rt25	12.86646884273	4.19782393669634	5.08803165182987	50550	44041	6504	CRISPRessoBatch_on_AAVS1_TYPE1_BC1
REP1_AAVS1_type1_BC1_rt27	13.1568315871691	4.64057744620108	3.04613644321151	37129	32243	4885	CRISPRessoBatch_on_AAVS1_TYPE1_BC1
REP1_AAVS1_type1_BC1_rt29	17.1206008403948	4.09587759831363	1.06375553166837	71633	59366	12264	CRISPRessoBatch_on_AAVS1_TYPE1_BC1
REP1_AAVS1_type1_BC1_rt31	14.3687975998154	2.0893914916532	4.62189399184553	64995	55640	9339	CRISPRessoBatch_on_AAVS1_TYPE1_BC1
REP1_AAVS1_type1_BC1_rt33	19.1366806620632	0.591623581664874	2.82105555362782	57638	46596	11030	CRISPRessoBatch_on_AAVS1_TYPE1_BC1
REP2_AAVS1_type1_BC1_rt23	17.0547842961636	4.10509031198686	3.43931930138827	66990	55557	11425	CRISPRessoBatch_on_AAVS1_TYPE1_BC1
REP2_AAVS1_type1_BC1_rt25	25.5118845034858	7.06208486578471	3.41027611571609	72868	54266	18590	CRISPRessoBatch_on_AAVS1_TYPE1_BC1
REP2_AAVS1_type1_BC1_rt27	26.6792641186537	2.38876212207644	3.18917569880205	56096	41123	14966	CRISPRessoBatch_on_AAVS1_TYPE1_BC1
REP2_AAVS1_type1_BC1_rt29	25.5831999612008	2.07211794946409	2.57408215723362	82476	61367	21100	CRISPRessoBatch_on_AAVS1_TYPE1_BC1
REP2_AAVS1_type1_BC1_rt31	30.7352043929225	1.10996386164171	3.89426010231379	85228	59024	26195	CRISPRessoBatch_on_AAVS1_TYPE1_BC1
REP2_AAVS1_type1_BC1_rt33	39.5114107743653	1.80923941682768	4.42378629626127	74009	44757	29242	CRISPRessoBatch_on_AAVS1_TYPE1_BC1
REP3_AAVS1_type1_BC1_rt23	20.1776015981023	3.14938510518759	2.57194581434546	64076	51144	12929	CRISPRessoBatch_on_AAVS1_TYPE1_BC1
REP3_AAVS1_type1_BC1_rt25	23.0494089117915	5.76083661715671	4.88784480145499	65980	50756	15208	CRISPRessoBatch_on_AAVS1_TYPE1_BC1
REP3_AAVS1_type1_BC1_rt27	29.9174513091706	2.41358183928802	3.25680381787695	62024	43457	18556	CRISPRessoBatch_on_AAVS1_TYPE1_BC1
REP3_AAVS1_type1_BC1_rt29	21.9398268992994	3.26650955858265	2.05226838006066	94627	73861	20761	CRISPRessoBatch_on_AAVS1_TYPE1_BC1
REP3_AAVS1_type1_BC1_rt31	30.3737275299698	2.29895854125327	2.4011083845061	85169	59293	25869	CRISPRessoBatch_on_AAVS1_TYPE1_BC1
REP3_AAVS1_type1_BC1_rt33	36.8628619087335	2.84880257357322	3.50530203741213	83930	52981	30939	CRISPRessoBatch_on_AAVS1_TYPE1_BC1
REP1_AAVS1_type1_BC2_rt23	33.3915156493318	1.65306227219056	2.58569057275356	58437	38919	19513	CRISPRessoBatch_on_AAVS1_TYPE1_BC2
REP1_AAVS1_type1_BC2_rt25	34.1589557171183	3.23859881031064	3.85657633840053	60520	39218	20673	CRISPRessoBatch_on_AAVS1_TYPE1_BC2
REP1_AAVS1_type1_BC2_rt27	25.6918352291248	2.44136771492786	4.03863640262837	58287	43307	14975	CRISPRessoBatch_on_AAVS1_TYPE1_BC2
REP1_AAVS1_type1_BC2_rt29	15.3336711692033	4.31614447725724	4.37380956541493	57227	48079	8775	CRISPRessoBatch_on_AAVS1_TYPE1_BC2
REP1_AAVS1_type1_BC2_rt31	16.5201539396395	3.18817095402066	0.945918574032813	49370	40179	8156	CRISPRessoBatch_on_AAVS1_TYPE1_BC2
REP1_AAVS1_type1_BC2_rt33	22.6191183754334	2.87072808320951	4.39623576027737	50475	39055	11417	CRISPRessoBatch_on_AAVS1_TYPE1_BC2
REP2_AAVS1_type1_BC2_rt23	46.9239074842303	1.76280047735409	3.0596124339376	87985	46357	41286	CRISPRessoBatch_on_AAVS1_TYPE1_BC2
REP2_AAVS1_type1_BC2_rt25	49.1298593674628	1.37911415107175	3.46819379336788	80849	40933	39721	CRISPRessoBatch_on_AAVS1_TYPE1_BC2
REP2_AAVS1_type1_BC2_rt27	39.81095564156	2.74039892825246	4.30336409645728	67180	40119	26745	CRISPRessoBatch_on_AAVS1_TYPE1_BC2
REP2_AAVS1_type1_BC2_rt29	37.8335949764521	1.56352863726136	2.71433635488935	78988	49097	29884	CRISPRessoBatch_on_AAVS1_TYPE1_BC2
REP2_AAVS1_type1_BC2_rt31	44.253014153416	2.65361989632477	3.25819791484653	85845	47536	37989	CRISPRessoBatch_on_AAVS1_TYPE1_BC2
REP2_AAVS1_type1_BC2_rt33	43.6512053291108	1.94791012585656	3.34024952906167	73258	41277	31978	CRISPRessoBatch_on_AAVS1_TYPE1_BC2
REP3_AAVS1_type1_BC2_rt23	44.9037302972926	0.645486512405636	3.82865714215457	81334	44546	36522	CRISPRessoBatch_on_AAVS1_TYPE1_BC2
REP3_AAVS1_type1_BC2_rt25	33.8906631598723	0.402565685300985	2.61801884007407	74522	48496	25256	CRISPRessoBatch_on_AAVS1_TYPE1_BC2
REP3_AAVS1_type1_BC2_rt27	32.2177136406627	0.581200231869909	3.50245599048113	65554	44020	21120	CRISPRessoBatch_on_AAVS1_TYPE1_BC2
REP3_AAVS1_type1_BC2_rt29	35.106998264893	1.26837666617348	3.45138337794397	74347	47305	26101	CRISPRessoBatch_on_AAVS1_TYPE1_BC2
REP3_AAVS1_type1_BC2_rt31	43.5191909779794	1.88552557655152	3.96837359716075	72977	41129	31759	CRISPRessoBatch_on_AAVS1_TYPE1_BC2
REP3_AAVS1_type1_BC2_rt33	46.8069370443603	1.05806529515645	4.44357236653435	66253	35111	31011	CRISPRessoBatch_on_AAVS1_TYPE1_BC2
REP1_HEK3_type1_BC1_rt30	45.0250184562382	0.178410302682307	1.40472479698138	48764	26807	21956	CRISPRessoBatch_on_HEK3_TYPE1_BC1
REP1_HEK3_type1_BC1_rt32	53.6743904809208	0.740708748137431	1.62826354546829	46307	21452	24855	CRISPRessoBatch_on_HEK3_TYPE1_BC1
REP1_HEK3_type1_BC1_rt34	56.5046279425698	0.0619488375482837	1.1223671744042	27442	11936	15506	CRISPRessoBatch_on_HEK3_TYPE1_BC1
REP1_HEK3_type1_BC1_rt36	48.2465166726924	0.48669243819006	1.18752954918375	35957	18609	17348	CRISPRessoBatch_on_HEK3_TYPE1_BC1
REP1_HEK3_type1_BC1_rt40	44.3335182103901	0.628581992974672	1.67005607937388	48681	27099	21582	CRISPRessoBatch_on_HEK3_TYPE1_BC1
REP2_HEK3_type1_BC1_rt30	53.5098910219954	0.187522095328855	1.68308765889423	65059	30245	34813	CRISPRessoBatch_on_HEK3_TYPE1_BC1
REP2_HEK3_type1_BC1_rt32	51.3979773944081	0.243530636525877	1.13585663295657	53792	26144	27648	CRISPRessoBatch_on_HEK3_TYPE1_BC1
REP2_HEK3_type1_BC1_rt34	61.5942670087587	0.0294906956855112	2.2383438025303	33909	13023	20886	CRISPRessoBatch_on_HEK3_TYPE1_BC1
REP2_HEK3_type1_BC1_rt36	54.6188542352205	0.178173004382093	1.34352076277308	62299	28271	34027	CRISPRessoBatch_on_HEK3_TYPE1_BC1
REP2_HEK3_type1_BC1_rt40	44.2056854818912	0.108014336448292	1.19470402435232	61103	34090	27011	CRISPRessoBatch_on_HEK3_TYPE1_BC1
REP3_HEK3_type1_BC1_rt30	54.4668523176428	0.0494071146245059	1.64166367229608	44528	20274	24253	CRISPRessoBatch_on_HEK3_TYPE1_BC1
REP3_HEK3_type1_BC1_rt32	57.0719297525748	0.0594969430880965	1.68437897501128	48742	20924	27818	CRISPRessoBatch_on_HEK3_TYPE1_BC1
REP3_HEK3_type1_BC1_rt34	57.7883963071115	0.0943869274105536	1.60752735746099	33903	14311	19592	CRISPRessoBatch_on_HEK3_TYPE1_BC1
REP3_HEK3_type1_BC1_rt36	54.0756875453789	0.0655226761586003	1.58671129292178	56469	25933	30536	CRISPRessoBatch_on_HEK3_TYPE1_BC1
REP3_HEK3_type1_BC1_rt40	44.9217754675636	0.0458645467053967	1.57808014404865	58869	32423	26445	CRISPRessoBatch_on_HEK3_TYPE1_BC1
REP1_HEK3_type1_BC2_rt30	55.5626401653401	0.692581680664878	2.76592937865529	45482	20211	25271	CRISPRessoBatch_on_HEK3_TYPE1_BC2
REP1_HEK3_type1_BC2_rt32	63.714228133817	0.056428859330915	3.83917775090689	49620	18005	31615	CRISPRessoBatch_on_HEK3_TYPE1_BC2
REP1_HEK3_type1_BC2_rt34	58.0868089233754	0.05819592628516	3.1741028128031	41240	17285	23955	CRISPRessoBatch_on_HEK3_TYPE1_BC2
REP1_HEK3_type1_BC2_rt36	57.723116183455	0.0732496869166608	3.64594409394863	42321	17892	24429	CRISPRessoBatch_on_HEK3_TYPE1_BC2
REP1_HEK3_type1_BC2_rt40	51.8903714121805	0.0425634287617743	2.78697929196662	54037	25997	28040	CRISPRessoBatch_on_HEK3_TYPE1_BC2
REP2_HEK3_type1_BC2_rt30	59.6084882990129	0.515730710932012	3.47517468298274	54098	21850	32247	CRISPRessoBatch_on_HEK3_TYPE1_BC2
REP2_HEK3_type1_BC2_rt32	60.7851079891735	0.149141057980888	3.29951575187347	54311	21298	33013	CRISPRessoBatch_on_HEK3_TYPE1_BC2
REP2_HEK3_type1_BC2_rt34	64.0927651554811	0.13262136600007	3.64708756500192	57306	20575	36729	CRISPRessoBatch_on_HEK3_TYPE1_BC2
REP2_HEK3_type1_BC2_rt36	59.3189147823552	0.0911028916057796	3.46919811234809	54883	22324	32556	CRISPRessoBatch_on_HEK3_TYPE1_BC2
REP2_HEK3_type1_BC2_rt40	48.6815415821501	0.339893646181679	3.5451272773788	54723	28080	26640	CRISPRessoBatch_on_HEK3_TYPE1_BC2
REP3_HEK3_type1_BC2_rt30	63.4328358208955	0.132114546882811	3.50282082410912	56012	20482	35530	CRISPRessoBatch_on_HEK3_TYPE1_BC2
REP3_HEK3_type1_BC2_rt32	62.9248707512925	0.443662230044366	3.70512961537051	54546	20222	34323	CRISPRessoBatch_on_HEK3_TYPE1_BC2
REP3_HEK3_type1_BC2_rt34	63.4686831538259	0.197020302473074	3.4919503133561	53294	19468	33825	CRISPRessoBatch_on_HEK3_TYPE1_BC2
REP3_HEK3_type1_BC2_rt36	56.608575128945	0.297652859512395	3.75133489354934	44011	19096	24914	CRISPRessoBatch_on_HEK3_TYPE1_BC2
REP3_HEK3_type1_BC2_rt40	51.2043394150893	0.066380912642719	2.94351932632857	52726	25727	26998	CRISPRessoBatch_on_HEK3_TYPE1_BC2
REP1_RNF2_Type1_BC1_10	47.5853350189633	0.74448658519455	0.81472116870347	35595	18657	16938	CRISPRessoBatch_on_RNF2_TYPE1_BC1
REP1_RNF2_Type1_BC1_12	42.8513654962413	0.509087448853364	0.8611666190884	42036	24023	18013	CRISPRessoBatch_on_RNF2_TYPE1_BC1
REP1_RNF2_Type1_BC1_14	56.8977567354301	0.444143839476947	1.03032352609627	44355	19118	25237	CRISPRessoBatch_on_RNF2_TYPE1_BC1
REP1_RNF2_Type1_BC1_16	57.3903884134299	0.697827518104016	1.09809084924292	37975	16181	21794	CRISPRessoBatch_on_RNF2_TYPE1_BC1
REP1_RNF2_Type1_BC1_18	53.881736356386	0.610687022900763	0.865899510083172	43885	20239	23646	CRISPRessoBatch_on_RNF2_TYPE1_BC1
REP1_RNF2_Type1_BC1_20	54.5543107647345	0.372625426205553	0.901120311738919	41060	18659	22400	CRISPRessoBatch_on_RNF2_TYPE1_BC1
REP1_RNF2_Type1_BC1_6	7.2948749005087	0.930892480188255	0.501782191923037	28897	26789	2108	CRISPRessoBatch_on_RNF2_TYPE1_BC1
REP1_RNF2_Type1_BC1_8	30.5726050811903	0.683707559630176	1.06052365783544	25742	17872	7870	CRISPRessoBatch_on_RNF2_TYPE1_BC1
REP2_RNF2_Type1_BC1_10	47.459078797107	0.472655754345895	0.837457175485344	31524	16554	14961	CRISPRessoBatch_on_RNF2_TYPE1_BC1
REP2_RNF2_Type1_BC1_12	46.7851283162555	0.253846391975977	0.814165866947342	32303	17190	15113	CRISPRessoBatch_on_RNF2_TYPE1_BC1
REP2_RNF2_Type1_BC1_14	59.7954823913795	0.251327322421539	0.961327008262386	63662	25595	38067	CRISPRessoBatch_on_RNF2_TYPE1_BC1
REP2_RNF2_Type1_BC1_16	58.4564034566321	0.373401612485331	0.967796016033408	65613	27258	38355	CRISPRessoBatch_on_RNF2_TYPE1_BC1
REP2_RNF2_Type1_BC1_18	55.7356019174938	0.274120586050908	0.977651745324421	74055	32780	41275	CRISPRessoBatch_on_RNF2_TYPE1_BC1
REP2_RNF2_Type1_BC1_20	54.3787199647292	0.227790432801822	0.868542876037916	68045	31043	37002	CRISPRessoBatch_on_RNF2_TYPE1_BC1
REP2_RNF2_Type1_BC1_6	8.66416978776529	1.30551096843232	0.642054574638844	28035	25606	2429	CRISPRessoBatch_on_RNF2_TYPE1_BC1
REP2_RNF2_Type1_BC1_8	33.0117987994204	0.666528669012627	0.968743531359967	24155	16180	7974	CRISPRessoBatch_on_RNF2_TYPE1_BC1
REP3_RNF2_Type1_BC1_10	55.0797176841099	0.365548463290499	0.908247335714085	35563	15975	19588	CRISPRessoBatch_on_RNF2_TYPE1_BC1
REP3_RNF2_Type1_BC1_12	48.3703808579924	0.336967294350842	0.781537590259097	35315	18233	17082	CRISPRessoBatch_on_RNF2_TYPE1_BC1
REP3_RNF2_Type1_BC1_14	60.0464826528656	0.42409430707303	1.10695802185164	41736	16675	25061	CRISPRessoBatch_on_RNF2_TYPE1_BC1
REP3_RNF2_Type1_BC1_16	61.3705691787463	0.321596632694081	1.10667076544728	42289	16336	25953	CRISPRessoBatch_on_RNF2_TYPE1_BC1
REP3_RNF2_Type1_BC1_18	53.0964102347398	0.414122419658138	0.955017008599379	47329	22199	25130	CRISPRessoBatch_on_RNF2_TYPE1_BC1
REP3_RNF2_Type1_BC1_20	53.8574915941228	0.260236746349777	0.930403942701856	43422	20036	23386	CRISPRessoBatch_on_RNF2_TYPE1_BC1
REP3_RNF2_Type1_BC1_6	8.5770792130738	1.26470282085979	0.666180909753305	38428	35132	3296	CRISPRessoBatch_on_RNF2_TYPE1_BC1
REP3_RNF2_Type1_BC1_8	33.5273446079508	0.560070283329673	1.01764404421993	27318	18159	9159	CRISPRessoBatch_on_RNF2_TYPE1_BC1
REP1_RNF2_Type1_BC2_10	51.8090617547899	0.538607022448812	0.90658662938903	48644	23442	25202	CRISPRessoBatch_on_RNF2_TYPE1_BC2
REP1_RNF2_Type1_BC2_12	39.9838102947479	0.0547592971763249	0.835674491690872	42002	25205	16794	CRISPRessoBatch_on_RNF2_TYPE1_BC2
REP1_RNF2_Type1_BC2_14	51.5874529246317	0.314630309386471	0.85093197311341	41954	20311	21643	CRISPRessoBatch_on_RNF2_TYPE1_BC2
REP1_RNF2_Type1_BC2_16	51.9627514534136	0.318979266347687	0.856613674949838	38874	18673	20200	CRISPRessoBatch_on_RNF2_TYPE1_BC2
REP1_RNF2_Type1_BC2_18	50.9803921568627	0.413602941176471	0.745506535947712	39168	19199	19968	CRISPRessoBatch_on_RNF2_TYPE1_BC2
REP1_RNF2_Type1_BC2_20	52.9916210040052	0.353834434970637	0.808413396564857	40697	19128	21566	CRISPRessoBatch_on_RNF2_TYPE1_BC2
REP1_RNF2_Type1_BC2_6	3.79560415039607	1.97255383242218	0.656030346982037	44815	43114	1701	CRISPRessoBatch_on_RNF2_TYPE1_BC2
REP1_RNF2_Type1_BC2_8	31.1015071884637	0.579854927681015	0.873040003474786	46046	31712	14321	CRISPRessoBatch_on_RNF2_TYPE1_BC2
REP2_RNF2_Type1_BC2_10	53.5830322563876	0.369090011176669	0.961713409403998	38473	17858	20615	CRISPRessoBatch_on_RNF2_TYPE1_BC2
REP2_RNF2_Type1_BC2_12	40.3501169945403	0.144437704018257	1.19594418927117	34617	20649	13968	CRISPRessoBatch_on_RNF2_TYPE1_BC2
REP2_RNF2_Type1_BC2_14	54.1017452175877	0.548404787251202	0.851640375495984	30999	14228	16771	CRISPRessoBatch_on_RNF2_TYPE1_BC2
REP2_RNF2_Type1_BC2_16	55.6876769482938	0.539412904187155	0.873193264789152	33555	14868	18686	CRISPRessoBatch_on_RNF2_TYPE1_BC2
REP2_RNF2_Type1_BC2_18	54.925015385612	0.336863926408188	0.890745959252421	30873	13913	16957	CRISPRessoBatch_on_RNF2_TYPE1_BC2
REP2_RNF2_Type1_BC2_20	55.0955643707176	0.257242457026085	0.92799615338382	41595	18674	22917	CRISPRessoBatch_on_RNF2_TYPE1_BC2
REP2_RNF2_Type1_BC2_6	4.01776758847973	1.32397191574724	1.01447198739074	34895	33493	1402	CRISPRessoBatch_on_RNF2_TYPE1_BC2
REP2_RNF2_Type1_BC2_8	32.6173797255833	0.868407340936722	1.01314189775951	34546	23275	11268	CRISPRessoBatch_on_RNF2_TYPE1_BC2
REP3_RNF2_Type1_BC2_10	53.3280658909161	0.356749509170138	0.976871139204137	41766	19490	22273	CRISPRessoBatch_on_RNF2_TYPE1_BC2
REP3_RNF2_Type1_BC2_12	42.6880627359861	0.321909187723884	0.6510794849453	41316	23677	17637	CRISPRessoBatch_on_RNF2_TYPE1_BC2
REP3_RNF2_Type1_BC2_14	55.0741334401923	0.37818072530555	0.934181526748147	39928	17938	21990	CRISPRessoBatch_on_RNF2_TYPE1_BC2
REP3_RNF2_Type1_BC2_16	52.816240966514	0.187565510012688	0.797153417553925	36254	17106	19148	CRISPRessoBatch_on_RNF2_TYPE1_BC2
REP3_RNF2_Type1_BC2_18	55.8962107638198	0.484438250713385	0.889242816377995	15069	6643	8423	CRISPRessoBatch_on_RNF2_TYPE1_BC2
REP3_RNF2_Type1_BC2_20	53.0993618960802	0.179916518735307	0.870795950678885	41686	19548	22135	CRISPRessoBatch_on_RNF2_TYPE1_BC2
REP3_RNF2_Type1_BC2_6	3.67211043064061	0.838436862058909	0.490910858364927	41148	39637	1511	CRISPRessoBatch_on_RNF2_TYPE1_BC2
REP3_RNF2_Type1_BC2_8	31.0727079097686	0.554264691644883	0.757575757575758	41316	28476	12838	CRISPRessoBatch_on_RNF2_TYPE1_BC2
REP1_RUNX1_Type1_BC1__11	35.3061795134682	0.107186131046696	1.54254823375897	21458	13882	7576	CRISPRessoBatch_on_RUNX1_TYPE1_BC1
REP1_RUNX1_Type1_BC1__13	35.7788278206085	0.0538837768382658	1.52118046920335	24126	15494	8632	CRISPRessoBatch_on_RUNX1_TYPE1_BC1
REP1_RUNX1_Type1_BC1__15	42.422357834182	0.0544175379951024	1.98235316982159	25727	14813	10914	CRISPRessoBatch_on_RUNX1_TYPE1_BC1
REP1_RUNX1_Type1_BC1__17	39.0212104497819	0.100285814571529	1.72993030135887	19943	12161	7782	CRISPRessoBatch_on_RUNX1_TYPE1_BC1
REP1_RUNX1_Type1_BC1__19	38.5405176071277	0.0169707254985151	1.62918964785745	23570	14486	9084	CRISPRessoBatch_on_RUNX1_TYPE1_BC1
REP1_RUNX1_Type1_BC1__21	35.5407776854161	0.0738893506973307	1.60247529324836	21654	13958	7696	CRISPRessoBatch_on_RUNX1_TYPE1_BC1
REP1_RUNX1_Type1_BC1__23	31.9796766058448	0.0704643228007714	1.49087672452158	26964	18341	8623	CRISPRessoBatch_on_RUNX1_TYPE1_BC1
REP1_RUNX1_Type1_BC1__7	13.5024942440522	0.134305448963929	0.805832693783576	20848	18033	2815	CRISPRessoBatch_on_RUNX1_TYPE1_BC1
REP1_RUNX1_Type1_BC1__9	33.4249186946282	0.128967141415274	1.42985308960413	17834	11873	5961	CRISPRessoBatch_on_RUNX1_TYPE1_BC1
REP2_RUNX1_Type1_BC1__11	36.382811270266	0.176294663938297	1.67165118841492	31765	20208	11557	CRISPRessoBatch_on_RUNX1_TYPE1_BC1
REP2_RUNX1_Type1_BC1__13	38.4800757380153	0.0200820495165964	1.57787531916114	34857	21444	13413	CRISPRessoBatch_on_RUNX1_TYPE1_BC1
REP2_RUNX1_Type1_BC1__15	43.5966419240867	0.353311075816019	1.93186606592979	30851	17400	13450	CRISPRessoBatch_on_RUNX1_TYPE1_BC1
REP2_RUNX1_Type1_BC1__17	35.252859363169	0.346710237914956	1.53030725700395	25093	16247	8846	CRISPRessoBatch_on_RUNX1_TYPE1_BC1
REP2_RUNX1_Type1_BC1__19	44.373810293431	0.197536185037532	2.01846065438351	27843	15488	12355	CRISPRessoBatch_on_RUNX1_TYPE1_BC1
REP2_RUNX1_Type1_BC1__21	38.5072873453504	0.143177062300378	1.63001578618892	27239	16750	10489	CRISPRessoBatch_on_RUNX1_TYPE1_BC1
REP2_RUNX1_Type1_BC1__23	33.384742297622	0.118360173594921	1.4669488181916	27881	18573	9308	CRISPRessoBatch_on_RUNX1_TYPE1_BC1
REP2_RUNX1_Type1_BC1__7	16.0681679853926	0.365185636031649	0.876445526475959	16430	13790	2640	CRISPRessoBatch_on_RUNX1_TYPE1_BC1
REP2_RUNX1_Type1_BC1__9	33.1891971123896	0.351790098574517	1.68199640880941	27289	18232	9057	CRISPRessoBatch_on_RUNX1_TYPE1_BC1
REP3_RUNX1_Type1_BC1__11	35.0506882302227	0.089187501858073	1.59645628325951	33637	21847	11790	CRISPRessoBatch_on_RUNX1_TYPE1_BC1
REP3_RUNX1_Type1_BC1__13	38.1254602195028	0.0175321715347663	1.6655562958028	28519	17646	10873	CRISPRessoBatch_on_RUNX1_TYPE1_BC1
REP3_RUNX1_Type1_BC1__15	44.4973407222821	0.0371926953546323	1.92658161936996	26887	14923	11964	CRISPRessoBatch_on_RUNX1_TYPE1_BC1
REP3_RUNX1_Type1_BC1__17	38.9236139297021	0.284113970289796	1.72091890575534	24638	15048	9590	CRISPRessoBatch_on_RUNX1_TYPE1_BC1
REP3_RUNX1_Type1_BC1__19	43.0572498212258	0.0336516215875152	1.96020695747276	23773	13537	10236	CRISPRessoBatch_on_RUNX1_TYPE1_BC1
REP3_RUNX1_Type1_BC1__21	39.9689085256096	0.0490918016691213	1.81230567828506	24444	14674	9770	CRISPRessoBatch_on_RUNX1_TYPE1_BC1
REP3_RUNX1_Type1_BC1__23	34.9031171019377	0.227464195450716	1.75652906486942	23740	15454	8286	CRISPRessoBatch_on_RUNX1_TYPE1_BC1
REP3_RUNX1_Type1_BC1__7	14.7074756229686	0.449620801733478	0.742145178764897	18460	15745	2715	CRISPRessoBatch_on_RUNX1_TYPE1_BC1
REP3_RUNX1_Type1_BC1__9	36.3984499658081	0.0227946204695692	1.70047868702986	21935	13951	7984	CRISPRessoBatch_on_RUNX1_TYPE1_BC1
REP1_RUNX1_Type1_BC2__11	37.5940747819854	0.095568032493131	1.50519651176681	16742	10448	6294	CRISPRessoBatch_on_RUNX1_TYPE1_BC2
REP1_RUNX1_Type1_BC2__13	41.3767983973775	0.0182116190129302	1.69823347295575	21964	12876	9088	CRISPRessoBatch_on_RUNX1_TYPE1_BC2
REP1_RUNX1_Type1_BC2__15	45.2482491490277	0.0156500645565163	1.87409523064283	25559	13994	11565	CRISPRessoBatch_on_RUNX1_TYPE1_BC2
REP1_RUNX1_Type1_BC2__17	48.400513478819	0.0770218228498075	2.02824133504493	19475	10048	9426	CRISPRessoBatch_on_RUNX1_TYPE1_BC2
REP1_RUNX1_Type1_BC2__19	41.2365443003036	0.115926028153464	1.74993099641181	18115	10645	7470	CRISPRessoBatch_on_RUNX1_TYPE1_BC2
REP1_RUNX1_Type1_BC2__21	45.1474581923865	0.0381152032016771	1.90576016008385	20989	11513	9476	CRISPRessoBatch_on_RUNX1_TYPE1_BC2
REP1_RUNX1_Type1_BC2__23	41.5093301040348	0.0385314030935212	1.61281444377167	18167	10626	7541	CRISPRessoBatch_on_RUNX1_TYPE1_BC2
REP1_RUNX1_Type1_BC2__7	19.1283292978208	0.304905389651152	1.46175230920994	22302	18036	4266	CRISPRessoBatch_on_RUNX1_TYPE1_BC2
REP1_RUNX1_Type1_BC2__9	43.7727891754162	0.0395378465052937	2.28440890919475	22763	12799	9964	CRISPRessoBatch_on_RUNX1_TYPE1_BC2
REP2_RUNX1_Type1_BC2__11	38.8159615082893	0.0732179279326395	1.98734375817164	19121	11699	7422	CRISPRessoBatch_on_RUNX1_TYPE1_BC2
REP2_RUNX1_Type1_BC2__13	41.7930799386398	0.0284074768479064	1.82944150900517	17601	10245	7356	CRISPRessoBatch_on_RUNX1_TYPE1_BC2
REP2_RUNX1_Type1_BC2__15	44.7158587520567	0.147660633675062	2.08412437244231	23703	13103	10599	CRISPRessoBatch_on_RUNX1_TYPE1_BC2
REP2_RUNX1_Type1_BC2__17	43.6034829202947	0.0103044979133392	1.81359163274769	19409	10946	8463	CRISPRessoBatch_on_RUNX1_TYPE1_BC2
REP2_RUNX1_Type1_BC2__19	46.6676060307172	0.112723686064534	1.75426236437932	14194	7570	6624	CRISPRessoBatch_on_RUNX1_TYPE1_BC2
REP2_RUNX1_Type1_BC2__21	45.2993039443155	0.0464037122969838	2.0092807424594	21550	11788	9762	CRISPRessoBatch_on_RUNX1_TYPE1_BC2
REP2_RUNX1_Type1_BC2__23	42.1195954206958	0.0111148160497944	1.59497610314549	17994	10415	7579	CRISPRessoBatch_on_RUNX1_TYPE1_BC2
REP2_RUNX1_Type1_BC2__7	19.0508706043018	0.641098592617882	1.26702325404954	26361	21339	5022	CRISPRessoBatch_on_RUNX1_TYPE1_BC2
REP2_RUNX1_Type1_BC2__9	40.8797653958944	0.304985337243402	2.20918866080156	25575	15120	10455	CRISPRessoBatch_on_RUNX1_TYPE1_BC2
REP3_RUNX1_Type1_BC2__11	34.9378599575629	0.242497726583813	1.89754471051834	16495	10732	5763	CRISPRessoBatch_on_RUNX1_TYPE1_BC2
REP3_RUNX1_Type1_BC2__13	43.4529892692897	0.249105774144098	1.95452222789985	15656	8853	6803	CRISPRessoBatch_on_RUNX1_TYPE1_BC2
REP3_RUNX1_Type1_BC2__15	46.7103635913925	0.154588177096216	2.24462033143705	16172	8617	7554	CRISPRessoBatch_on_RUNX1_TYPE1_BC2
REP3_RUNX1_Type1_BC2__17	46.3254848543815	0.142699617305572	2.21184406823636	15417	8274	7142	CRISPRessoBatch_on_RUNX1_TYPE1_BC2
REP3_RUNX1_Type1_BC2__19	51.1266983320446	0.0607533414337789	2.36938031591738	18106	8849	9257	CRISPRessoBatch_on_RUNX1_TYPE1_BC2
REP3_RUNX1_Type1_BC2__21	47.0516938367372	0.0121204775468153	1.96957760135749	16501	8737	7764	CRISPRessoBatch_on_RUNX1_TYPE1_BC2
REP3_RUNX1_Type1_BC2__23	46.0130638402761	0.0308109440473256	1.9780626078383	16228	8761	7467	CRISPRessoBatch_on_RUNX1_TYPE1_BC2
REP3_RUNX1_Type1_BC2__7	18.7086399901045	0.414373183251902	1.10087203908714	16169	13144	3025	CRISPRessoBatch_on_RUNX1_TYPE1_BC2
REP3_RUNX1_Type1_BC2__9	38.5069427645266	0.232231844791717	2.27877497701872	20669	12710	7959	CRISPRessoBatch_on_RUNX1_TYPE1_BC2
REP1_AAVS1_type2_BC1_rt12	11.3648589173065	6.54310724240794	0.264071592742921	61347	53953	6972	CRISPRessoBatch_on_AAVS1_TYPE2_BC1
REP1_AAVS1_type2_BC1_rt16	17.3089952572636	6.78928699533697	0.360687098959786	50182	41025	8686	CRISPRessoBatch_on_AAVS1_TYPE2_BC1
REP1_AAVS1_type2_BC1_rt18	17.653211146251	4.45750429563961	0.343651169161043	40157	32757	7089	CRISPRessoBatch_on_AAVS1_TYPE2_BC1
REP1_AAVS1_type2_BC1_rt20	18.160458256157	6.21184057076216	0.30870549495781	58308	47448	10589	CRISPRessoBatch_on_AAVS1_TYPE2_BC1
REP2_AAVS1_type2_BC1_rt12	12.0173992153295	6.86728833797692	0.270085858873031	70348	60673	8454	CRISPRessoBatch_on_AAVS1_TYPE2_BC1
REP2_AAVS1_type2_BC1_rt16	31.8183288061053	6.09397231923425	0.598240848531885	61848	41738	19679	CRISPRessoBatch_on_AAVS1_TYPE2_BC1
REP2_AAVS1_type2_BC1_rt18	27.9924800372122	4.60694627490503	0.500038762694783	51596	36892	14443	CRISPRessoBatch_on_AAVS1_TYPE2_BC1
REP2_AAVS1_type2_BC1_rt20	24.9352323873879	3.94933202803214	0.436957533935841	83761	62582	20886	CRISPRessoBatch_on_AAVS1_TYPE2_BC1
REP3_AAVS1_type2_BC1_rt12	12.4585278938314	5.3161096092406	0.305664782501843	65104	56838	8111	CRISPRessoBatch_on_AAVS1_TYPE2_BC1
REP3_AAVS1_type2_BC1_rt16	35.3314900876522	4.38702276604506	0.695629154656156	67996	43553	24024	CRISPRessoBatch_on_AAVS1_TYPE2_BC1
REP3_AAVS1_type2_BC1_rt18	24.542530378842	3.75089349535382	0.600428877769836	55960	42220	13734	CRISPRessoBatch_on_AAVS1_TYPE2_BC1
REP3_AAVS1_type2_BC1_rt20	20.185781069759	3.95847246675976	0.484487887802805	82355	65648	16624	CRISPRessoBatch_on_AAVS1_TYPE2_BC1
REP1_AAVS1_type2_BC2_rt12	14.1441947226398	4.71231685893837	1.90339931542822	55217	47395	7810	CRISPRessoBatch_on_AAVS1_TYPE2_BC2
REP1_AAVS1_type2_BC2_rt16	16.5749213611667	4.58607377752359	1.99814126394052	55952	46665	9274	CRISPRessoBatch_on_AAVS1_TYPE2_BC2
REP1_AAVS1_type2_BC2_rt18	17.93916075508	12.1730019409471	2.15050069564919	58219	47768	10444	CRISPRessoBatch_on_AAVS1_TYPE2_BC2
REP1_AAVS1_type2_BC2_rt20	14.320597241959	11.412445209455	2.18361587574805	49963	42791	7155	CRISPRessoBatch_on_AAVS1_TYPE2_BC2
REP2_AAVS1_type2_BC2_rt12	15.9233032242804	3.89249441923037	0.32375855594814	67643	56800	10771	CRISPRessoBatch_on_AAVS1_TYPE2_BC2
REP2_AAVS1_type2_BC2_rt16	29.915795456245	3.90212530473669	0.765767786901183	66861	46856	20002	CRISPRessoBatch_on_AAVS1_TYPE2_BC2
REP2_AAVS1_type2_BC2_rt18	31.7322106337512	5.3647178898351	2.00459286192709	62706	42725	19898	CRISPRessoBatch_on_AAVS1_TYPE2_BC2
REP2_AAVS1_type2_BC2_rt20	37.2869021628909	2.91566753754936	0.737267814323038	83823	52557	31255	CRISPRessoBatch_on_AAVS1_TYPE2_BC2
REP3_AAVS1_type2_BC2_rt12	27.316169170693	3.58329472499835	0.608908597524654	75545	54898	20636	CRISPRessoBatch_on_AAVS1_TYPE2_BC2
REP3_AAVS1_type2_BC2_rt16	29.981364254866	6.61716854996155	1.0471513932438	67612	47327	20271	CRISPRessoBatch_on_AAVS1_TYPE2_BC2
REP3_AAVS1_type2_BC2_rt18	35.5172720458386	2.39356633761482	0.653021813977716	78711	50747	27956	CRISPRessoBatch_on_AAVS1_TYPE2_BC2
REP3_AAVS1_type2_BC2_rt20	30.1013982010407	6.18058294423735	0.923652370834977	78601	54922	23660	CRISPRessoBatch_on_AAVS1_TYPE2_BC2
REP1_EMX1_type2_BC1_rt12	17.6258992805755	0.790617505995204	0.187350119904077	53376	43795	9408	CRISPRessoBatch_on_EMX1_TYPE2_BC1
REP1_EMX1_type2_BC1_rt14	52.5557501919027	0.303107839470939	0.679040289723857	50807	23753	26702	CRISPRessoBatch_on_EMX1_TYPE2_BC1
REP1_EMX1_type2_BC1_rt16	58.6268942056285	0.598836065112879	0.967134302341927	35569	14367	20853	CRISPRessoBatch_on_EMX1_TYPE2_BC1
REP1_EMX1_type2_BC1_rt18	65.1270449008006	0.180995475113122	1.0024364775496	57460	19190	37422	CRISPRessoBatch_on_EMX1_TYPE2_BC1
REP1_EMX1_type2_BC1_rt20	62.2581594885599	0.241840511440108	0.73813930013459	47552	17178	29605	CRISPRessoBatch_on_EMX1_TYPE2_BC1
REP1_EMX1_type2_BC1_rt22	63.8704266694622	0.698186392703638	0.727539574378866	47695	15424	30463	CRISPRessoBatch_on_EMX1_TYPE2_BC1
REP2_EMX1_type2_BC1_rt12	22.9923191378132	0.591144890819158	0.373989624803957	49734	38097	11435	CRISPRessoBatch_on_EMX1_TYPE2_BC1
REP2_EMX1_type2_BC1_rt14	59.2925864181413	0.31333480627473	0.809448249543053	49787	19983	29520	CRISPRessoBatch_on_EMX1_TYPE2_BC1
REP2_EMX1_type2_BC1_rt16	57.3513735137351	0.486538198715321	0.795407954079541	36585	15258	20982	CRISPRessoBatch_on_EMX1_TYPE2_BC1
REP2_EMX1_type2_BC1_rt18	65.6203699784109	0.228590780171866	0.745036616856454	47246	15589	31003	CRISPRessoBatch_on_EMX1_TYPE2_BC1
REP2_EMX1_type2_BC1_rt20	57.6028020738513	0.437329322832153	0.726243717101357	50534	20303	29109	CRISPRessoBatch_on_EMX1_TYPE2_BC1
REP2_EMX1_type2_BC1_rt22	64.8939653677986	0.14831365448697	0.868694261995108	51917	16732	33691	CRISPRessoBatch_on_EMX1_TYPE2_BC1
REP3_EMX1_type2_BC1_rt12	20.602471489861	0.212680136408639	0.232848080378424	54542	43140	11237	CRISPRessoBatch_on_EMX1_TYPE2_BC1
REP3_EMX1_type2_BC1_rt14	55.2451574471581	0.357414292463488	0.659367746441263	48683	21291	26895	CRISPRessoBatch_on_EMX1_TYPE2_BC1
REP3_EMX1_type2_BC1_rt16	58.8137758569138	0.255511158226644	0.720324009894262	36789	14702	21637	CRISPRessoBatch_on_EMX1_TYPE2_BC1
REP3_EMX1_type2_BC1_rt18	63.8729448389921	0.299964328566333	0.823685831955119	61674	21432	39393	CRISPRessoBatch_on_EMX1_TYPE2_BC1
REP3_EMX1_type2_BC1_rt20	61.3278146307212	0.147822391396737	0.746503076553521	54119	20101	33190	CRISPRessoBatch_on_EMX1_TYPE2_BC1
REP3_EMX1_type2_BC1_rt22	63.9864999007346	0.412944212825094	0.867579908675799	50370	16495	32230	CRISPRessoBatch_on_EMX1_TYPE2_BC1
REP1_EMX1_type2_BC2_rt12	43.022656597068	0.403376277210129	0.653931585961795	56275	31990	24211	CRISPRessoBatch_on_EMX1_TYPE2_BC2
REP1_EMX1_type2_BC2_rt14	61.9171784403198	0.361958349058222	0.883452842488078	58294	22122	36094	CRISPRessoBatch_on_EMX1_TYPE2_BC2
REP1_EMX1_type2_BC2_rt16	63.7295214311856	0.120557146240124	0.865428085509461	46451	16841	29603	CRISPRessoBatch_on_EMX1_TYPE2_BC2
REP1_EMX1_type2_BC2_rt18	65.8563860015766	0.386808190800931	0.999101725054538	54549	18510	35924	CRISPRessoBatch_on_EMX1_TYPE2_BC2
REP1_EMX1_type2_BC2_rt20	65.4193049249751	0.380723578394446	0.932467373821691	49117	16830	32132	CRISPRessoBatch_on_EMX1_TYPE2_BC2
REP1_EMX1_type2_BC2_rt22	67.0605674676911	0.26932793285592	0.929076977681274	47897	15338	32120	CRISPRessoBatch_on_EMX1_TYPE2_BC2
REP2_EMX1_type2_BC2_rt12	43.4317977571992	0.558746532254913	0.619309967569257	51186	28890	22231	CRISPRessoBatch_on_EMX1_TYPE2_BC2
REP2_EMX1_type2_BC2_rt14	60.030551842658	0.395264464388008	0.813442810769525	52370	20711	31438	CRISPRessoBatch_on_EMX1_TYPE2_BC2
REP2_EMX1_type2_BC2_rt16	69.1633027522936	0.275229357798165	0.968807339449541	54500	16689	37694	CRISPRessoBatch_on_EMX1_TYPE2_BC2
REP2_EMX1_type2_BC2_rt18	67.9941300559479	0.396221223516463	1.00706227643768	54515	17339	37067	CRISPRessoBatch_on_EMX1_TYPE2_BC2
REP2_EMX1_type2_BC2_rt20	62.5591962727918	0.389209502080258	0.881952566290239	52157	19355	32629	CRISPRessoBatch_on_EMX1_TYPE2_BC2
REP2_EMX1_type2_BC2_rt22	62.4347022422245	0.24712689865788	0.904122799967853	49772	18324	31075	CRISPRessoBatch_on_EMX1_TYPE2_BC2
REP3_EMX1_type2_BC2_rt12	47.6661051843534	0.522178551375632	0.612015721504773	53430	27901	25468	CRISPRessoBatch_on_EMX1_TYPE2_BC2
REP3_EMX1_type2_BC2_rt14	63.9617079278537	0.193362284844835	0.887564586173012	63094	22577	40356	CRISPRessoBatch_on_EMX1_TYPE2_BC2
REP3_EMX1_type2_BC2_rt16	68.2533249825001	0.265261761780201	0.863942821353572	54286	17107	37052	CRISPRessoBatch_on_EMX1_TYPE2_BC2
REP3_EMX1_type2_BC2_rt18	65.5974883480062	0.283208182288969	0.941869497669601	61792	21022	40534	CRISPRessoBatch_on_EMX1_TYPE2_BC2
REP3_EMX1_type2_BC2_rt20	60.98508072757	0.261598201512365	0.815450643776824	48930	18921	29840	CRISPRessoBatch_on_EMX1_TYPE2_BC2
REP3_EMX1_type2_BC2_rt22	60.0614000642559	0.324849177167744	0.804983400564024	56026	22061	33650	CRISPRessoBatch_on_EMX1_TYPE2_BC2
REP1_FANCF_Type2_BC1_12	20.2502017756255	0.4317998385795	0.391444713478612	24780	19757	5018	CRISPRessoBatch_on_FANCF_TYPE2_BC1
REP1_FANCF_Type2_BC1_14	22.6365688487585	0.329571106094808	0.230248306997743	22150	17135	5014	CRISPRessoBatch_on_FANCF_TYPE2_BC1
REP1_FANCF_Type2_BC1_16	24.9484609369446	0.426530177010023	0.401649250017772	28134	21114	7019	CRISPRessoBatch_on_FANCF_TYPE2_BC1
REP1_FANCF_Type2_BC1_18	26.8107775842639	0.563466857903903	0.286855854932896	29283	21432	7851	CRISPRessoBatch_on_FANCF_TYPE2_BC1
REP1_FANCF_Type2_BC1_20	27.0838047823791	0.426189937391567	0.256468280908199	26514	19333	7181	CRISPRessoBatch_on_FANCF_TYPE2_BC1
REP1_FANCF_Type2_BC1_22	24.898302087018	0.455429784223559	0.203395825963919	22616	16984	5631	CRISPRessoBatch_on_FANCF_TYPE2_BC1
REP1_FANCF_Type2_BC1_24	26.0837551771744	0.197883110906581	0.239300506212609	21730	16060	5668	CRISPRessoBatch_on_FANCF_TYPE2_BC1
REP2_FANCF_Type2_BC1_12	19.971921797005	0.337978369384359	0.197587354409318	19232	15389	3841	CRISPRessoBatch_on_FANCF_TYPE2_BC1
REP2_FANCF_Type2_BC1_14	22.9622169520159	0.227413014521945	0.347617036483545	30781	23712	7068	CRISPRessoBatch_on_FANCF_TYPE2_BC1
REP2_FANCF_Type2_BC1_16	25.8657616395927	0.817160367722165	0.431645194240337	30349	22496	7850	CRISPRessoBatch_on_FANCF_TYPE2_BC1
REP2_FANCF_Type2_BC1_18	29.4456482979949	0.53213374660559	0.496475299668102	36457	25722	10735	CRISPRessoBatch_on_FANCF_TYPE2_BC1
REP2_FANCF_Type2_BC1_20	24.5105409380618	0.585062918777578	0.258212126164406	30595	23094	7499	CRISPRessoBatch_on_FANCF_TYPE2_BC1
REP2_FANCF_Type2_BC1_22	21.3476070528967	0.193414897445124	0.310363440086362	22232	17486	4746	CRISPRessoBatch_on_FANCF_TYPE2_BC1
REP2_FANCF_Type2_BC1_24	19.5763975533307	0.657314141383403	0.179544140470466	32861	26428	6433	CRISPRessoBatch_on_FANCF_TYPE2_BC1
REP3_FANCF_Type2_BC1_12	21.830985915493	0.84961381190368	0.186278964107224	22010	17204	4805	CRISPRessoBatch_on_FANCF_TYPE2_BC1
REP3_FANCF_Type2_BC1_14	24.5072836332476	0.211969512470121	0.293149325756551	22173	16732	5434	CRISPRessoBatch_on_FANCF_TYPE2_BC1
REP3_FANCF_Type2_BC1_16	22.8100087553569	0.225796046265149	0.313349615225105	21701	16750	4950	CRISPRessoBatch_on_FANCF_TYPE2_BC1
REP3_FANCF_Type2_BC1_18	22.5152921782135	0.299336254392434	0.199557502928289	23051	17861	5190	CRISPRessoBatch_on_FANCF_TYPE2_BC1
REP3_FANCF_Type2_BC1_20	21.4709436449522	0.219707788641107	0.241678567505218	18206	14297	3909	CRISPRessoBatch_on_FANCF_TYPE2_BC1
REP3_FANCF_Type2_BC1_22	21.5724090986443	0.136139315899938	0.38572806171649	17629	13808	3803	CRISPRessoBatch_on_FANCF_TYPE2_BC1
REP3_FANCF_Type2_BC1_24	21.3194517107879	0.0366223710369363	0.204038924348645	19114	15039	4075	CRISPRessoBatch_on_FANCF_TYPE2_BC1
REP1_FANCF_Type2_BC2_12	29.7069597069597	0.183150183150183	0.663003663003663	27300	19188	8110	CRISPRessoBatch_on_FANCF_TYPE2_BC2
REP1_FANCF_Type2_BC2_14	38.9977681685033	0.394057748639978	1.34258613474683	28676	17491	11183	CRISPRessoBatch_on_FANCF_TYPE2_BC2
REP1_FANCF_Type2_BC2_16	40.779747497874	0.111205599529012	1.08916072479885	30574	18101	12468	CRISPRessoBatch_on_FANCF_TYPE2_BC2
REP1_FANCF_Type2_BC2_18	43.9485272113206	0.128254456842375	1.61600615621393	23391	13110	10280	CRISPRessoBatch_on_FANCF_TYPE2_BC2
REP1_FANCF_Type2_BC2_20	39.6404631322364	0.249847653869592	1.15173674588665	16410	9905	6505	CRISPRessoBatch_on_FANCF_TYPE2_BC2
REP1_FANCF_Type2_BC2_22	44.606750845919	0.119666584137988	1.14302220021457	24234	13401	10810	CRISPRessoBatch_on_FANCF_TYPE2_BC2
REP1_FANCF_Type2_BC2_24	36.4318787708713	0.228006173705626	1.23123333801038	28508	18066	10386	CRISPRessoBatch_on_FANCF_TYPE2_BC2
REP2_FANCF_Type2_BC2_12	26.2553969427049	0.388968843595628	0.626239838188961	25709	18958	6750	CRISPRessoBatch_on_FANCF_TYPE2_BC2
REP2_FANCF_Type2_BC2_14	38.2153674477921	0.454328072692492	1.16371751952814	25092	15503	9589	CRISPRessoBatch_on_FANCF_TYPE2_BC2
REP2_FANCF_Type2_BC2_16	38.4677049931287	0.343563902885937	1.22824095281722	34928	21461	13436	CRISPRessoBatch_on_FANCF_TYPE2_BC2
REP2_FANCF_Type2_BC2_18	40.3535459504826	0.178346621905162	1.48447335291649	19064	11368	7693	CRISPRessoBatch_on_FANCF_TYPE2_BC2
REP2_FANCF_Type2_BC2_20	43.1550906373855	0.149437983236957	1.47488792151257	15391	8748	6642	CRISPRessoBatch_on_FANCF_TYPE2_BC2
REP2_FANCF_Type2_BC2_22	42.5526329605712	0.115503753872001	1.35454402268074	19047	10926	8105	CRISPRessoBatch_on_FANCF_TYPE2_BC2
REP2_FANCF_Type2_BC2_24	39.2728077291836	0.147503503208201	1.26853012759053	13559	8231	5325	CRISPRessoBatch_on_FANCF_TYPE2_BC2
REP3_FANCF_Type2_BC2_12	26.7692171683685	0.313839897449498	0.800070724483932	22623	16558	6056	CRISPRessoBatch_on_FANCF_TYPE2_BC2
REP3_FANCF_Type2_BC2_14	29.1776783899167	0.213458019922749	0.955478755844684	19676	13934	5741	CRISPRessoBatch_on_FANCF_TYPE2_BC2
REP3_FANCF_Type2_BC2_16	35.4245178452671	0.676125027710042	1.16382176900909	9022	5825	3196	CRISPRessoBatch_on_FANCF_TYPE2_BC2
REP3_FANCF_Type2_BC2_18	36.6589327146172	0.158749542068629	1.41042862376359	16378	10374	6004	CRISPRessoBatch_on_FANCF_TYPE2_BC2
REP3_FANCF_Type2_BC2_20	34.3836325966851	0.0604281767955801	1.0833908839779	23168	15162	7966	CRISPRessoBatch_on_FANCF_TYPE2_BC2
REP3_FANCF_Type2_BC2_22	38.0622561897938	0.374174030730037	1.0309688719051	25122	15547	9562	CRISPRessoBatch_on_FANCF_TYPE2_BC2
REP3_FANCF_Type2_BC2_24	38.5407558534927	0.106868745749539	1.27270960847178	20586	12652	7934	CRISPRessoBatch_on_FANCF_TYPE2_BC2
REP1_HEK3_type2_BC1_rt30	40.1433691756272	4.96247450444563	0.560407136774986	50499	30205	20272	CRISPRessoBatch_on_HEK3_TYPE2_BC1
REP1_HEK3_type2_BC1_rt32	15.1185955301002	0.0964950507377202	0.208553819336363	32126	27253	4857	CRISPRessoBatch_on_HEK3_TYPE2_BC1
REP1_HEK3_type2_BC1_rt34	49.2407809110629	0.378455716065907	0.713065952831495	43334	21985	21338	CRISPRessoBatch_on_HEK3_TYPE2_BC1
REP1_HEK3_type2_BC1_rt36	49.6703344686054	0.702995371583268	0.644048554711379	45804	23047	22751	CRISPRessoBatch_on_HEK3_TYPE2_BC1
REP1_HEK3_type2_BC1_rt40	48.9186482175316	0.645472419037727	0.682568535074378	26957	13725	13187	CRISPRessoBatch_on_HEK3_TYPE2_BC1
REP2_HEK3_type2_BC1_rt30	32.4801165005041	0.683320264366528	0.449945857137523	53562	36152	17397	CRISPRessoBatch_on_HEK3_TYPE2_BC1
REP2_HEK3_type2_BC1_rt32	51.2254399116231	0.544464609800363	0.66440463978537	63365	30885	32459	CRISPRessoBatch_on_HEK3_TYPE2_BC1
REP2_HEK3_type2_BC1_rt34	49.7583437318758	0.827782562083692	0.84711506353363	56899	28574	28312	CRISPRessoBatch_on_HEK3_TYPE2_BC1
REP2_HEK3_type2_BC1_rt36	50.7458432304038	0.809501187648456	0.817102137767221	52625	25861	26705	CRISPRessoBatch_on_HEK3_TYPE2_BC1
REP2_HEK3_type2_BC1_rt40	49.7695475495677	0.929991545531404	0.779992909155371	36667	18410	18249	CRISPRessoBatch_on_HEK3_TYPE2_BC1
REP3_HEK3_type2_BC1_rt30	34.4109351269256	0.500996074873272	0.536499733722559	50699	33247	17446	CRISPRessoBatch_on_HEK3_TYPE2_BC1
REP3_HEK3_type2_BC1_rt32	50.0832570144035	0.547414869702772	0.705603197069353	48044	23942	24062	CRISPRessoBatch_on_HEK3_TYPE2_BC1
REP3_HEK3_type2_BC1_rt34	50.5453443748738	0.791759240557463	0.797818622500505	49510	24475	25025	CRISPRessoBatch_on_HEK3_TYPE2_BC1
REP3_HEK3_type2_BC1_rt36	54.2727436353819	0.637961722296662	0.835949843009419	50003	22859	27138	CRISPRessoBatch_on_HEK3_TYPE2_BC1
REP3_HEK3_type2_BC1_rt40	47.1790443293034	1.08232584916523	0.757052389176742	34740	18345	16390	CRISPRessoBatch_on_HEK3_TYPE2_BC1
REP1_HEK3_type2_BC2_rt30	57.2261100097924	0.410805130287325	2.75621581599752	41869	17905	23960	CRISPRessoBatch_on_HEK3_TYPE2_BC2
REP1_HEK3_type2_BC2_rt32	55.3151993663837	0.0693017845209514	2.50476449768582	40403	18049	22349	CRISPRessoBatch_on_HEK3_TYPE2_BC2
REP1_HEK3_type2_BC2_rt34	56.9452557302741	0.801420593939111	2.37388724035608	42799	18425	24372	CRISPRessoBatch_on_HEK3_TYPE2_BC2
REP1_HEK3_type2_BC2_rt36	66.4173522812266	0.0794689603590127	2.95905011219147	42784	14365	28416	CRISPRessoBatch_on_HEK3_TYPE2_BC2
REP1_HEK3_type2_BC2_rt40	47.8925782607688	1.35783302824571	2.34956090553097	43157	22487	20669	CRISPRessoBatch_on_HEK3_TYPE2_BC2
REP2_HEK3_type2_BC2_rt30	53.0781408420641	0.316618936658425	2.33373058930255	56219	26378	29840	CRISPRessoBatch_on_HEK3_TYPE2_BC2
REP2_HEK3_type2_BC2_rt32	53.8600069831119	0.231545289155962	2.52127092636492	54417	25100	29309	CRISPRessoBatch_on_HEK3_TYPE2_BC2
REP2_HEK3_type2_BC2_rt34	65.7188898836168	0.465532676812892	3.39480752014324	55850	19144	36704	CRISPRessoBatch_on_HEK3_TYPE2_BC2
REP2_HEK3_type2_BC2_rt36	63.7548545988444	0.0682011935208866	2.87013356067065	52785	19129	33653	CRISPRessoBatch_on_HEK3_TYPE2_BC2
REP2_HEK3_type2_BC2_rt40	59.9685650887574	0.436390532544379	2.77181952662722	54080	21641	32431	CRISPRessoBatch_on_HEK3_TYPE2_BC2
REP3_HEK3_type2_BC2_rt30	58.0303621873636	0.360579683516685	2.94664798695482	43541	18270	25267	CRISPRessoBatch_on_HEK3_TYPE2_BC2
REP3_HEK3_type2_BC2_rt32	60.1319547813493	0.0482761395180432	2.56466991189605	49714	19817	29894	CRISPRessoBatch_on_HEK3_TYPE2_BC2
REP3_HEK3_type2_BC2_rt34	68.3039927777094	1.96766383520046	2.96278058188682	48738	15443	33290	CRISPRessoBatch_on_HEK3_TYPE2_BC2
REP3_HEK3_type2_BC2_rt36	65.9872611464968	0.780254777070064	3.18272292993631	50240	17088	33152	CRISPRessoBatch_on_HEK3_TYPE2_BC2
REP3_HEK3_type2_BC2_rt40	55.7727622771163	0.276444918350019	2.5077503307466	50643	22392	28245	CRISPRessoBatch_on_HEK3_TYPE2_BC2
REP1_AAVS1_type3_BC1_rt23	18.9861996842127	3.17837882174421	1.14626694280969	48767	38424	9259	CRISPRessoBatch_on_AAVS1_TYPE3_BC1
REP1_AAVS1_type3_BC1_rt25	13.0792883812871	7.8373233765283	1.66007760450985	54636	46330	7146	CRISPRessoBatch_on_AAVS1_TYPE3_BC1
REP1_AAVS1_type3_BC1_rt27	22.457990328476	5.8756934223933	2.15911112548722	61831	47362	13886	CRISPRessoBatch_on_AAVS1_TYPE3_BC1
REP1_AAVS1_type3_BC1_rt29	26.9851729818781	5.32415931776335	1.57961042736699	51595	37469	13923	CRISPRessoBatch_on_AAVS1_TYPE3_BC1
REP1_AAVS1_type3_BC1_rt31	7.78096532286477	8.57952924992031	1.13577264415253	59607	54265	4638	CRISPRessoBatch_on_AAVS1_TYPE3_BC1
REP1_AAVS1_type3_BC1_rt33	6.54267392406179	6.07549747680645	2.01855483814099	45379	42409	2969	CRISPRessoBatch_on_AAVS1_TYPE3_BC1
REP2_AAVS1_type3_BC1_rt23	35.1204261232052	2.75011579434924	2.23917322834646	69088	43755	24264	CRISPRessoBatch_on_AAVS1_TYPE3_BC1
REP2_AAVS1_type3_BC1_rt25	37.107090894117	3.20366760919098	2.29637356905592	72854	45435	27034	CRISPRessoBatch_on_AAVS1_TYPE3_BC1
REP2_AAVS1_type3_BC1_rt27	45.0250639093986	2.45783407834792	2.86771111523686	70021	38088	31527	CRISPRessoBatch_on_AAVS1_TYPE3_BC1
REP2_AAVS1_type3_BC1_rt29	38.2975058564145	2.18065316246383	3.03844563869368	58056	35145	22234	CRISPRessoBatch_on_AAVS1_TYPE3_BC1
REP2_AAVS1_type3_BC1_rt31	14.9089887083175	3.52307107312315	1.7342569477739	60487	50980	9018	CRISPRessoBatch_on_AAVS1_TYPE3_BC1
REP2_AAVS1_type3_BC1_rt33	22.9333470197769	2.51317320194347	1.96571545883802	58452	44943	13405	CRISPRessoBatch_on_AAVS1_TYPE3_BC1
REP3_AAVS1_type3_BC1_rt23	35.5801662550129	2.66911003107322	3.27065572464345	75306	48324	26794	CRISPRessoBatch_on_AAVS1_TYPE3_BC1
REP3_AAVS1_type3_BC1_rt25	36.5714790131085	4.25034205764223	2.41279369142723	67971	42305	24858	CRISPRessoBatch_on_AAVS1_TYPE3_BC1
REP3_AAVS1_type3_BC1_rt27	36.5137496787458	1.21594705731175	2.21986635826266	62256	39159	22732	CRISPRessoBatch_on_AAVS1_TYPE3_BC1
REP3_AAVS1_type3_BC1_rt29	36.1556454779832	2.69084327886766	2.23838549403268	58569	37390	21176	CRISPRessoBatch_on_AAVS1_TYPE3_BC1
REP3_AAVS1_type3_BC1_rt31	15.4410108563449	5.22095589891437	1.33677192666336	88796	74819	13711	CRISPRessoBatch_on_AAVS1_TYPE3_BC1
REP3_AAVS1_type3_BC1_rt33	16.1598452330573	4.48582310622091	1.15349737017109	82705	68828	13365	CRISPRessoBatch_on_AAVS1_TYPE3_BC1
REP1_AAVS1_type3_BC2_rt23	8.63514926239981	4.88326170286909	2.00720176559415	43045	39142	3717	CRISPRessoBatch_on_AAVS1_TYPE3_BC2
REP1_AAVS1_type3_BC2_rt25	21.899079884254	1.57850245472575	2.11334005267094	61514	47668	13471	CRISPRessoBatch_on_AAVS1_TYPE3_BC2
REP1_AAVS1_type3_BC2_rt27	8.77995964368325	3.3941959085913	0.890791869678626	60957	53286	5352	CRISPRessoBatch_on_AAVS1_TYPE3_BC2
REP1_AAVS1_type3_BC2_rt29	12.3909097256161	2.34587726035049	1.08392096627801	57292	49027	7099	CRISPRessoBatch_on_AAVS1_TYPE3_BC2
REP1_AAVS1_type3_BC2_rt31	10.1721803875116	3.23419917082663	3.50918013368305	47276	41847	4809	CRISPRessoBatch_on_AAVS1_TYPE3_BC2
REP1_AAVS1_type3_BC2_rt33	13.5670026819569	2.93165633959123	2.31819723172724	64878	55662	8802	CRISPRessoBatch_on_AAVS1_TYPE3_BC2
REP2_AAVS1_type3_BC2_rt23	13.6535218054775	3.85912778090113	1.75287125532086	49804	42311	6800	CRISPRessoBatch_on_AAVS1_TYPE3_BC2
REP2_AAVS1_type3_BC2_rt25	20.2421357144484	3.08535113095374	2.65711487209859	87802	69162	17773	CRISPRessoBatch_on_AAVS1_TYPE3_BC2
REP2_AAVS1_type3_BC2_rt27	19.8981917641696	3.31712505698222	2.31879653548093	65810	51504	13095	CRISPRessoBatch_on_AAVS1_TYPE3_BC2
REP2_AAVS1_type3_BC2_rt29	13.6302337528898	1.92492936039044	1.5556768558952	62288	53042	8490	CRISPRessoBatch_on_AAVS1_TYPE3_BC2
REP2_AAVS1_type3_BC2_rt31	14.4400432120994	5.21869200299161	1.94177446608127	72202	61282	10426	CRISPRessoBatch_on_AAVS1_TYPE3_BC2
REP2_AAVS1_type3_BC2_rt33	17.6977834365415	2.81845014179061	1.40199085595231	69116	55876	12232	CRISPRessoBatch_on_AAVS1_TYPE3_BC2
REP3_AAVS1_type3_BC2_rt23	18.3397469616013	3.0730046233493	2.11096038315661	72242	57997	13249	CRISPRessoBatch_on_AAVS1_TYPE3_BC2
REP3_AAVS1_type3_BC2_rt25	3.76523505513639	6.09885857999613	1.45579415747727	82704	77481	3114	CRISPRessoBatch_on_AAVS1_TYPE3_BC2
REP3_AAVS1_type3_BC2_rt27	24.0025835415696	2.36436406759561	2.86413112532294	94444	71451	22669	CRISPRessoBatch_on_AAVS1_TYPE3_BC2
REP3_AAVS1_type3_BC2_rt29	16.5771682441568	3.0313566415556	1.22335973214861	77655	64396	12873	CRISPRessoBatch_on_AAVS1_TYPE3_BC2
REP3_AAVS1_type3_BC2_rt31	16.0330317694088	2.67830843677677	1.48011782032401	95060	78429	15241	CRISPRessoBatch_on_AAVS1_TYPE3_BC2
REP3_AAVS1_type3_BC2_rt33	18.2334875835522	1.93716040633121	1.3549005711427	71961	58088	13121	CRISPRessoBatch_on_AAVS1_TYPE3_BC2
REP1_HEK3_type3_BC1_rt24	52.8829108314129	0.0487502215919163	0.717957808899131	45128	21117	23865	CRISPRessoBatch_on_HEK3_TYPE3_BC1
REP1_HEK3_type3_BC1_rt26	38.689506936755	0.134609956794546	0.59923142056927	46059	28239	17820	CRISPRessoBatch_on_HEK3_TYPE3_BC1
REP1_HEK3_type3_BC1_rt28	40.2430659750504	0.970977836841428	0.525142538689073	46654	27878	18775	CRISPRessoBatch_on_HEK3_TYPE3_BC1
REP1_HEK3_type3_BC1_rt30	35.7223516974604	0.0552605655798755	0.542995122654429	41621	26753	14868	CRISPRessoBatch_on_HEK3_TYPE3_BC1
REP1_HEK3_type3_BC1_rt32	46.4533800192014	2.43971310781047	0.762410346190772	35414	18962	16451	CRISPRessoBatch_on_HEK3_TYPE3_BC1
REP1_HEK3_type3_BC1_rt34	56.0391472753615	0.0620915998935573	0.91067679843884	33821	14867	18953	CRISPRessoBatch_on_HEK3_TYPE3_BC1
REP1_HEK3_type3_BC1_rt36	46.1204379562044	0.875912408759124	1.16788321167883	27400	14763	12637	CRISPRessoBatch_on_HEK3_TYPE3_BC1
REP1_HEK3_type3_BC1_rt40	44.5879502199638	0.035288305455572	0.614016514926953	42507	23554	18953	CRISPRessoBatch_on_HEK3_TYPE3_BC1
REP2_HEK3_type3_BC1_rt24	57.5129428895001	0.210321954376315	0.859488755864747	49448	20970	28439	CRISPRessoBatch_on_HEK3_TYPE3_BC1
REP2_HEK3_type3_BC1_rt26	43.8090702615576	0.232617774195912	0.842552567953696	54596	30677	23918	CRISPRessoBatch_on_HEK3_TYPE3_BC1
REP2_HEK3_type3_BC1_rt28	43.9385001807699	0.534698304568721	0.633646033528057	52553	29462	23091	CRISPRessoBatch_on_HEK3_TYPE3_BC1
REP2_HEK3_type3_BC1_rt30	40.4864577801381	0.104089219330855	0.62453531598513	47075	27777	19059	CRISPRessoBatch_on_HEK3_TYPE3_BC1
REP2_HEK3_type3_BC1_rt32	53.2709593220962	0.134183776629965	1.27198867709501	54403	25420	28981	CRISPRessoBatch_on_HEK3_TYPE3_BC1
REP2_HEK3_type3_BC1_rt34	56.9603112543627	0.40623271603761	0.942154749871264	52433	22565	29866	CRISPRessoBatch_on_HEK3_TYPE3_BC1
REP2_HEK3_type3_BC1_rt36	56.1857070765886	0.0427002057373549	1.24995147703893	25761	11211	14474	CRISPRessoBatch_on_HEK3_TYPE3_BC1
REP2_HEK3_type3_BC1_rt40	50.8457800971747	0.187151340651431	0.797192729890228	55570	27184	28255	CRISPRessoBatch_on_HEK3_TYPE3_BC1
REP3_HEK3_type3_BC1_rt24	57.5787609126566	0.149719539454262	0.816076926321117	47422	20111	27305	CRISPRessoBatch_on_HEK3_TYPE3_BC1
REP3_HEK3_type3_BC1_rt26	43.1193431193431	0.11970011970012	0.68040068040068	47619	26977	20533	CRISPRessoBatch_on_HEK3_TYPE3_BC1
REP3_HEK3_type3_BC1_rt28	42.4830528160835	0.251304035647161	0.597639009144088	47353	27199	20117	CRISPRessoBatch_on_HEK3_TYPE3_BC1
REP3_HEK3_type3_BC1_rt30	40.2243766701265	0.35114065502087	0.580817561449615	45281	27067	18214	CRISPRessoBatch_on_HEK3_TYPE3_BC1
REP3_HEK3_type3_BC1_rt32	53.8001162115049	0.333139647491768	0.861901994964168	51630	23852	27777	CRISPRessoBatch_on_HEK3_TYPE3_BC1
REP3_HEK3_type3_BC1_rt34	55.8220619176435	0.456868049293658	0.891694219016131	49905	22046	27858	CRISPRessoBatch_on_HEK3_TYPE3_BC1
REP3_HEK3_type3_BC1_rt36	52.1774809700331	0.0452757576615071	1.23093466142222	35339	16898	18439	CRISPRessoBatch_on_HEK3_TYPE3_BC1
REP3_HEK3_type3_BC1_rt40	51.9662777825087	0.153282806778506	0.820914587413778	58715	28162	30512	CRISPRessoBatch_on_HEK3_TYPE3_BC1
REP1_HEK3_type3_BC2_rt24	45.2035477805935	0.0572222676367204	2.16627156053298	48932	26811	22119	CRISPRessoBatch_on_HEK3_TYPE3_BC2
REP1_HEK3_type3_BC2_rt26	33.6685368173788	1.24245306827668	1.56277299994176	51511	34166	17343	CRISPRessoBatch_on_HEK3_TYPE3_BC2
REP1_HEK3_type3_BC2_rt28	56.5441158950654	0.135814529771975	2.78777192689842	41969	18238	23731	CRISPRessoBatch_on_HEK3_TYPE3_BC2
REP1_HEK3_type3_BC2_rt30	51.5311670249083	0.39448729295739	2.66784675685927	39545	19166	20378	CRISPRessoBatch_on_HEK3_TYPE3_BC2
REP1_HEK3_type3_BC2_rt32	53.1535239570975	0.0338958429169794	2.66808706389366	41303	19345	21954	CRISPRessoBatch_on_HEK3_TYPE3_BC2
REP1_HEK3_type3_BC2_rt34	56.1878721283827	0.327089668566172	2.80070528709785	39133	17145	21988	CRISPRessoBatch_on_HEK3_TYPE3_BC2
REP1_HEK3_type3_BC2_rt36	46.8744834100838	1.51375605148188	2.25764553075924	42345	22494	19849	CRISPRessoBatch_on_HEK3_TYPE3_BC2
REP1_HEK3_type3_BC2_rt40	45.5540609490236	0.0487035576789276	2.16846792522844	43118	23476	19642	CRISPRessoBatch_on_HEK3_TYPE3_BC2
REP2_HEK3_type3_BC2_rt24	53.2301815321895	0.858706643339807	2.52315297818725	62303	29135	33164	CRISPRessoBatch_on_HEK3_TYPE3_BC2
REP2_HEK3_type3_BC2_rt26	44.8379546580561	0.179385987391728	1.96641210940837	58533	32285	26245	CRISPRessoBatch_on_HEK3_TYPE3_BC2
REP2_HEK3_type3_BC2_rt28	56.4992614475628	0.219672006968905	2.66636367079499	52806	22969	29835	CRISPRessoBatch_on_HEK3_TYPE3_BC2
REP2_HEK3_type3_BC2_rt30	56.6873354885438	0.0759623368134683	2.75407635098133	56607	24513	32089	CRISPRessoBatch_on_HEK3_TYPE3_BC2
REP2_HEK3_type3_BC2_rt32	55.3573009829098	0.0553440184184893	2.64765784114053	45172	20164	25006	CRISPRessoBatch_on_HEK3_TYPE3_BC2
REP2_HEK3_type3_BC2_rt34	57.0477893773656	0.047830969512956	2.89273385184877	48086	20654	27432	CRISPRessoBatch_on_HEK3_TYPE3_BC2
REP2_HEK3_type3_BC2_rt36	54.149448642725	0.99312801077601	2.97938403232803	43801	20083	23718	CRISPRessoBatch_on_HEK3_TYPE3_BC2
REP2_HEK3_type3_BC2_rt40	54.936888490552	0.651654343117484	2.62528941668534	53556	24134	29422	CRISPRessoBatch_on_HEK3_TYPE3_BC2
REP3_HEK3_type3_BC2_rt24	53.0202144369323	0.636823055384826	2.56948712695486	58572	27517	31055	CRISPRessoBatch_on_HEK3_TYPE3_BC2
REP3_HEK3_type3_BC2_rt26	43.4478303004199	0.328416065467858	2.06022755823553	55722	31508	24210	CRISPRessoBatch_on_HEK3_TYPE3_BC2
REP3_HEK3_type3_BC2_rt28	58.6115082201573	0.655825589706933	2.96819156540386	55960	23159	32799	CRISPRessoBatch_on_HEK3_TYPE3_BC2
REP3_HEK3_type3_BC2_rt30	58.0906956537815	0.343852254450668	3.08727561791729	54093	22666	31423	CRISPRessoBatch_on_HEK3_TYPE3_BC2
REP3_HEK3_type3_BC2_rt32	52.4879286357312	0.0368278909894427	2.59841230869957	48876	23219	25654	CRISPRessoBatch_on_HEK3_TYPE3_BC2
REP3_HEK3_type3_BC2_rt34	56.8555363321799	0.892084775086505	2.91414359861592	55488	23939	31548	CRISPRessoBatch_on_HEK3_TYPE3_BC2
REP3_HEK3_type3_BC2_rt36	55.2420563549161	0.597646882494005	2.98074040767386	53376	23890	29486	CRISPRessoBatch_on_HEK3_TYPE3_BC2
REP3_HEK3_type3_BC2_rt40	54.4424987628003	0.508203585975865	2.65712436712475	52538	23935	28603	CRISPRessoBatch_on_HEK3_TYPE3_BC2
